40 468
1 0
3 2
4 0
4 1
4 3
5 2
5 4
6 0
6 1
6 3
7 0
7 1
7 3
7 4
7 5
7 6
8 0
8 2
8 5
8 6
8 7
9 1
9 3
9 4
9 5
9 6
9 7
10 2
10 3
10 4
10 8
11 1
11 2
11 3
11 4
11 5
11 6
11 9
12 0
12 2
12 3
12 5
12 8
12 9
13 0
13 1
13 2
13 3
13 4
13 6
13 7
13 8
13 11
13 12
14 0
14 4
14 5
14 7
14 8
14 9
14 12
14 13
15 0
15 2
15 5
15 6
15 7
15 9
15 10
15 11
15 13
15 14
16 0
16 1
16 3
16 4
16 6
16 7
16 8
16 9
16 11
16 13
16 15
17 1
17 2
17 3
17 5
17 6
17 7
17 8
17 12
17 16
18 0
18 2
18 3
18 4
18 6
18 7
18 8
18 9
18 11
18 14
18 15
18 16
18 17
19 1
19 2
19 3
19 4
19 5
19 6
19 9
19 10
19 12
19 17
19 18
20 1
20 2
20 6
20 7
20 10
20 12
20 13
20 15
20 18
20 19
21 0
21 2
21 3
21 4
21 5
21 6
21 7
21 8
21 14
22 0
22 1
22 2
22 5
22 6
22 7
22 8
22 9
22 10
22 11
22 14
22 15
22 16
22 17
22 18
22 19
22 20
23 0
23 1
23 3
23 4
23 5
23 6
23 7
23 13
23 14
23 15
23 18
23 20
24 0
24 1
24 2
24 5
24 7
24 14
24 16
24 18
24 19
24 21
24 22
25 1
25 3
25 4
25 5
25 7
25 8
25 9
25 10
25 11
25 14
25 16
25 18
25 19
25 23
25 24
26 1
26 2
26 3
26 4
26 5
26 6
26 7
26 8
26 9
26 10
26 11
26 12
26 13
26 14
26 17
26 18
26 20
26 21
26 22
26 25
27 1
27 2
27 4
27 5
27 6
27 7
27 8
27 9
27 11
27 16
27 17
27 18
27 19
27 20
27 21
27 22
27 24
28 1
28 3
28 4
28 6
28 8
28 9
28 10
28 11
28 12
28 16
28 19
28 20
28 21
28 22
28 23
28 24
28 26
28 27
29 2
29 3
29 5
29 6
29 7
29 9
29 10
29 13
29 14
29 16
29 18
29 22
29 23
29 24
29 25
29 28
30 0
30 1
30 4
30 5
30 8
30 9
30 10
30 13
30 14
30 16
30 20
30 22
30 24
30 25
30 26
30 27
30 28
31 0
31 1
31 3
31 6
31 8
31 9
31 14
31 16
31 17
31 18
31 19
31 20
31 21
31 22
31 23
31 24
31 27
31 28
32 1
32 2
32 4
32 5
32 8
32 10
32 13
32 15
32 16
32 18
32 20
32 25
32 27
33 0
33 2
33 5
33 6
33 9
33 10
33 11
33 12
33 13
33 14
33 15
33 16
33 17
33 18
33 20
33 21
33 24
33 25
33 26
33 28
33 30
33 32
34 0
34 1
34 2
34 5
34 6
34 7
34 8
34 9
34 10
34 11
34 13
34 16
34 18
34 19
34 22
34 23
34 24
34 25
34 26
34 28
34 29
34 31
34 32
34 33
35 1
35 4
35 6
35 9
35 12
35 14
35 15
35 21
35 22
35 23
35 24
35 27
35 31
35 32
36 0
36 3
36 4
36 5
36 6
36 7
36 10
36 12
36 13
36 15
36 17
36 18
36 20
36 21
36 22
36 24
36 25
36 27
36 28
36 30
36 31
36 33
36 34
37 0
37 1
37 3
37 5
37 6
37 7
37 8
37 11
37 12
37 14
37 15
37 17
37 18
37 20
37 21
37 22
37 23
37 25
37 28
37 30
37 32
37 33
37 34
37 35
37 36
38 0
38 1
38 4
38 5
38 7
38 8
38 10
38 11
38 15
38 17
38 18
38 19
38 22
38 23
38 24
38 27
38 28
38 31
38 32
38 33
38 34
38 35
38 37
39 0
39 1
39 2
39 3
39 4
39 5
39 7
39 8
39 10
39 12
39 13
39 16
39 17
39 19
39 20
39 21
39 22
39 25
39 26
39 27
39 29
39 30
39 31
39 32
39 33
39 35
39 36
39 38
