50 735
3 0
3 1
3 2
4 0
4 1
4 3
5 2
6 1
6 2
6 3
6 4
6 5
7 0
7 1
7 2
7 4
7 6
8 0
8 1
8 3
8 4
8 5
8 7
9 1
9 2
9 3
9 4
9 6
9 7
9 8
10 0
10 1
10 3
10 4
10 8
10 9
11 0
11 3
11 5
11 8
12 2
12 5
12 6
12 8
12 9
12 11
13 0
13 1
13 2
13 3
13 4
13 6
13 8
13 9
13 10
13 11
13 12
14 1
14 3
14 4
14 7
14 8
14 11
14 13
15 0
15 1
15 2
15 4
15 5
15 7
15 9
15 10
15 11
15 12
15 14
16 0
16 2
16 3
16 4
16 5
16 6
16 10
16 11
16 12
16 13
17 1
17 2
17 4
17 5
17 6
17 7
17 8
17 11
17 13
17 14
17 15
17 16
18 0
18 1
18 3
18 4
18 5
18 8
18 11
18 13
18 15
18 16
19 0
19 1
19 3
19 4
19 8
19 9
19 15
19 16
19 18
20 0
20 2
20 3
20 4
20 7
20 8
20 11
20 13
20 14
20 15
20 17
20 18
20 19
21 0
21 1
21 6
21 7
21 9
21 10
21 12
21 13
21 14
21 16
21 18
21 19
21 20
22 0
22 2
22 3
22 4
22 8
22 9
22 11
22 12
22 14
22 16
22 17
22 18
22 19
23 0
23 1
23 2
23 4
23 5
23 7
23 9
23 10
23 16
23 18
23 19
23 20
23 21
24 0
24 1
24 4
24 8
24 11
24 13
24 15
24 20
24 22
24 23
25 0
25 1
25 3
25 4
25 6
25 7
25 8
25 9
25 12
25 18
25 19
25 20
25 22
25 23
25 24
26 0
26 1
26 5
26 6
26 8
26 9
26 10
26 11
26 13
26 14
26 17
26 23
26 24
27 3
27 5
27 7
27 9
27 10
27 12
27 14
27 15
27 17
27 20
27 21
27 24
27 25
27 26
28 2
28 3
28 6
28 7
28 8
28 9
28 14
28 15
28 16
28 18
28 19
28 22
28 27
29 0
29 3
29 4
29 5
29 11
29 13
29 14
29 15
29 16
29 17
29 18
29 21
29 26
29 27
30 1
30 2
30 4
30 6
30 7
30 8
30 9
30 10
30 11
30 12
30 13
30 15
30 18
30 20
30 21
30 22
30 25
30 27
30 28
30 29
31 0
31 1
31 2
31 4
31 5
31 8
31 12
31 17
31 18
31 21
31 22
31 25
31 26
31 27
31 28
31 29
31 30
32 1
32 4
32 5
32 8
32 10
32 11
32 12
32 14
32 15
32 17
32 19
32 22
32 23
32 24
32 25
32 27
32 29
32 30
33 4
33 7
33 9
33 10
33 12
33 13
33 15
33 16
33 17
33 19
33 21
33 22
33 23
33 24
33 26
33 27
33 28
33 29
33 32
34 1
34 3
34 5
34 6
34 7
34 11
34 12
34 14
34 15
34 17
34 18
34 19
34 20
34 23
34 24
34 26
34 27
34 29
34 30
34 31
34 33
35 1
35 2
35 3
35 4
35 5
35 6
35 7
35 8
35 9
35 10
35 11
35 12
35 13
35 14
35 15
35 18
35 19
35 20
35 21
35 23
35 25
35 28
35 29
35 30
35 32
35 33
35 34
36 1
36 3
36 5
36 7
36 11
36 12
36 16
36 17
36 19
36 21
36 25
36 26
36 27
36 28
36 29
36 31
36 35
37 1
37 3
37 5
37 6
37 8
37 9
37 10
37 12
37 13
37 15
37 16
37 20
37 21
37 22
37 23
37 26
37 27
37 28
37 29
37 31
37 36
38 0
38 1
38 2
38 5
38 6
38 7
38 8
38 9
38 11
38 12
38 14
38 15
38 16
38 17
38 20
38 22
38 23
38 26
38 29
38 31
38 32
38 36
39 1
39 3
39 5
39 6
39 7
39 8
39 9
39 12
39 13
39 14
39 15
39 16
39 17
39 18
39 20
39 21
39 24
39 25
39 27
39 29
39 30
39 31
39 33
39 34
39 37
40 1
40 2
40 3
40 4
40 5
40 6
40 7
40 8
40 10
40 11
40 12
40 16
40 19
40 20
40 23
40 25
40 29
40 30
40 31
40 32
40 38
40 39
41 0
41 1
41 4
41 7
41 8
41 9
41 10
41 12
41 14
41 15
41 16
41 17
41 20
41 21
41 24
41 26
41 28
41 31
41 34
41 35
41 36
41 37
41 38
41 40
42 0
42 1
42 2
42 4
42 5
42 6
42 7
42 9
42 10
42 11
42 13
42 14
42 15
42 16
42 17
42 18
42 19
42 21
42 23
42 26
42 28
42 29
42 30
42 32
42 34
42 35
42 36
42 37
42 38
42 40
43 0
43 3
43 4
43 6
43 7
43 8
43 9
43 10
43 11
43 14
43 15
43 16
43 17
43 19
43 20
43 21
43 23
43 24
43 25
43 26
43 27
43 29
43 31
43 32
43 33
43 34
43 35
43 36
43 37
43 41
43 42
44 0
44 1
44 2
44 4
44 6
44 7
44 8
44 9
44 10
44 12
44 13
44 16
44 18
44 20
44 21
44 22
44 23
44 25
44 27
44 28
44 32
44 33
44 34
44 35
44 39
44 41
44 42
45 0
45 2
45 3
45 4
45 6
45 7
45 8
45 9
45 11
45 12
45 14
45 15
45 16
45 21
45 23
45 27
45 29
45 31
45 33
45 34
45 36
45 37
45 38
45 39
45 40
45 43
46 0
46 2
46 3
46 10
46 11
46 12
46 13
46 14
46 15
46 16
46 17
46 18
46 19
46 20
46 21
46 24
46 25
46 26
46 27
46 29
46 31
46 34
46 35
46 37
46 39
46 40
46 41
46 42
46 43
46 44
47 0
47 4
47 7
47 8
47 9
47 10
47 11
47 12
47 14
47 16
47 17
47 18
47 21
47 23
47 24
47 25
47 27
47 29
47 30
47 33
47 34
47 37
47 39
47 40
47 41
47 44
48 0
48 2
48 3
48 4
48 6
48 8
48 9
48 10
48 11
48 12
48 15
48 16
48 17
48 18
48 20
48 21
48 22
48 23
48 24
48 25
48 26
48 28
48 29
48 30
48 32
48 33
48 36
48 37
48 39
48 41
48 42
48 43
48 44
48 47
49 0
49 1
49 2
49 7
49 8
49 9
49 10
49 16
49 17
49 18
49 19
49 20
49 23
49 24
49 27
49 28
49 29
49 30
49 31
49 32
49 34
49 35
49 36
49 37
49 38
49 39
49 42
49 44
49 45
49 47
49 48
