20 114
1 0
2 0
3 0
3 1
3 2
4 1
4 2
4 3
5 0
5 2
5 4
6 0
6 3
6 4
6 5
7 1
7 2
7 3
7 4
7 5
7 6
8 0
8 3
8 5
8 6
9 0
9 1
9 2
9 5
9 8
10 0
10 1
10 2
10 3
10 6
10 7
10 9
11 2
11 5
11 7
11 8
11 9
12 0
12 1
12 3
12 4
12 5
12 8
12 9
13 0
13 4
13 7
13 8
13 9
13 10
13 11
14 1
14 2
14 3
14 6
14 11
14 12
15 0
15 1
15 2
15 4
15 5
15 6
15 7
15 8
15 10
15 11
15 12
15 13
15 14
16 0
16 1
16 4
16 5
16 6
16 7
16 9
16 12
16 15
17 0
17 2
17 4
17 5
17 6
17 8
17 9
17 11
17 14
18 0
18 1
18 2
18 3
18 4
18 8
18 9
18 10
18 11
18 12
18 13
18 16
19 0
19 1
19 2
19 5
19 9
19 10
19 12
19 13
19 14
