40 120
2 1
5 1
5 4
6 3
8 6
8 7
9 5
9 6
11 1
11 2
12 2
12 4
12 6
13 3
13 8
13 11
14 3
14 6
14 9
15 1
16 1
16 12
17 4
18 2
18 5
18 7
18 10
18 15
19 3
19 6
19 11
20 1
20 4
20 5
21 14
21 17
22 5
22 15
23 1
23 9
23 10
23 12
23 18
23 19
23 21
24 2
24 4
24 9
24 11
24 12
24 16
24 22
25 6
25 10
25 16
25 21
26 12
26 15
27 4
27 6
27 7
27 9
27 10
27 19
27 21
27 26
28 16
28 20
28 26
28 27
29 0
29 3
29 6
29 7
29 10
29 12
29 23
29 28
30 12
30 18
30 20
30 21
30 27
31 7
31 12
31 17
31 27
32 6
32 14
32 19
33 22
33 24
34 1
34 8
34 24
35 4
35 10
35 19
35 24
35 28
36 11
36 13
36 16
36 26
36 28
36 32
37 1
37 4
37 7
37 22
37 34
38 0
38 2
38 15
38 22
38 24
38 28
39 0
39 4
39 20
