40 234
1 0
7 6
8 2
8 5
9 0
9 3
9 8
10 0
10 4
11 0
11 1
11 6
11 8
12 0
12 1
12 2
12 3
12 5
12 9
13 2
13 3
13 4
13 8
13 10
14 1
14 4
14 11
14 13
15 0
15 1
15 3
15 4
15 9
16 0
16 1
16 14
17 1
17 2
17 3
17 5
17 6
17 12
17 13
17 14
17 16
18 5
18 10
18 11
18 13
18 14
19 5
19 6
19 7
19 9
19 16
20 0
20 4
20 7
20 13
20 14
20 16
20 19
21 3
21 5
21 9
21 10
21 13
21 16
21 17
21 20
22 1
22 2
22 7
22 12
23 0
23 1
23 4
23 7
23 10
23 18
24 3
24 5
24 6
24 14
24 16
24 17
24 19
24 20
25 1
25 4
25 8
25 11
25 13
25 14
25 18
26 1
26 2
26 3
26 6
26 7
26 11
26 19
26 20
26 22
26 23
26 25
27 1
27 5
27 7
27 8
27 13
27 14
27 18
27 19
28 1
28 5
28 6
28 7
28 8
28 9
28 10
28 13
28 16
28 18
28 19
28 20
28 25
29 0
29 3
29 4
29 11
29 12
29 18
29 20
29 22
29 24
29 27
29 28
30 2
30 6
30 16
30 22
30 28
30 29
31 4
31 8
31 9
31 10
31 11
31 12
31 16
31 19
31 21
31 22
31 29
32 0
32 1
32 2
32 4
32 9
32 11
32 12
32 14
32 16
32 19
32 24
33 2
33 5
33 9
33 10
33 13
33 18
33 20
33 24
33 25
33 28
33 30
34 1
34 6
34 9
34 10
34 16
34 21
34 22
34 32
35 5
35 7
35 17
35 24
35 25
35 32
36 1
36 5
36 8
36 13
36 20
36 22
36 23
36 26
36 32
36 33
37 0
37 4
37 6
37 8
37 9
37 18
37 26
37 33
37 35
38 0
38 1
38 2
38 3
38 4
38 7
38 11
38 16
38 28
38 31
39 0
39 2
39 4
39 11
39 14
39 15
39 17
39 23
39 24
39 25
39 27
39 28
39 29
39 33
