40 234
3 0
3 1
5 1
5 3
6 1
6 3
6 5
7 4
7 5
8 1
8 2
8 4
9 1
9 2
9 4
9 5
9 8
10 0
10 4
10 7
11 1
11 3
11 4
11 10
12 3
12 11
13 3
13 12
14 2
14 8
14 9
14 11
16 0
16 3
16 5
16 8
16 10
16 12
16 13
16 15
17 5
17 10
17 11
17 13
17 14
18 0
18 1
18 8
18 11
18 12
18 13
18 14
18 17
19 3
19 6
19 8
19 9
19 13
19 17
20 0
20 1
20 5
20 6
20 7
21 4
21 7
21 9
21 17
22 4
22 5
22 8
22 11
22 14
22 18
22 21
23 1
23 11
23 12
23 14
23 16
24 6
24 10
24 13
24 17
24 19
24 22
24 23
25 0
25 2
25 3
25 4
25 10
25 18
25 19
25 20
25 23
26 3
26 14
26 15
26 17
26 18
26 20
26 22
27 3
27 4
27 9
27 10
27 22
28 0
28 4
28 7
28 8
28 15
28 17
28 21
28 23
29 3
29 4
29 6
29 11
29 13
29 14
29 15
29 16
29 18
29 20
29 22
30 0
30 1
30 8
30 10
30 11
30 19
30 24
30 25
30 28
31 1
31 4
31 7
31 10
31 15
31 19
31 21
31 22
31 26
31 30
32 0
32 3
32 6
32 8
32 11
32 12
32 13
32 14
32 17
32 22
32 25
32 30
32 31
33 3
33 6
33 11
33 12
33 15
33 16
33 18
33 22
33 26
33 28
34 3
34 5
34 8
34 17
34 18
34 20
34 21
34 22
34 30
35 2
35 5
35 8
35 11
35 14
35 18
35 20
35 23
35 25
36 1
36 3
36 5
36 9
36 13
36 18
36 24
36 27
36 32
36 35
37 0
37 3
37 5
37 6
37 9
37 11
37 21
37 22
37 23
37 27
38 0
38 1
38 2
38 5
38 12
38 13
38 17
38 24
38 25
38 28
38 30
38 33
38 35
39 1
39 3
39 6
39 7
39 9
39 13
39 15
39 19
39 21
39 23
39 25
39 28
39 30
39 34
