40 234
1 0
2 0
3 0
3 2
5 1
5 3
6 1
6 2
7 4
7 6
8 1
8 6
9 0
9 1
9 2
9 3
9 5
9 6
9 8
10 7
11 0
11 1
11 2
11 4
11 5
11 8
11 9
12 1
12 4
12 8
12 10
13 2
13 4
13 5
13 7
13 8
13 11
13 12
14 0
14 4
14 6
15 3
15 6
15 10
15 12
16 0
16 4
16 13
16 14
17 0
17 3
17 4
17 5
17 9
17 14
17 16
18 1
18 6
18 16
18 17
19 1
19 4
19 5
19 6
19 8
19 11
19 14
19 16
19 17
19 18
20 1
20 6
20 15
20 16
20 17
21 7
21 8
21 9
21 11
21 12
21 14
21 18
22 1
22 4
22 7
22 8
22 12
22 13
22 16
22 18
23 6
23 7
23 8
23 13
23 16
23 19
23 21
24 1
24 3
24 4
24 5
24 20
25 1
25 4
25 10
25 14
25 24
26 5
26 8
26 13
26 21
26 22
26 23
27 1
27 6
27 8
27 21
28 5
28 6
28 9
28 11
28 15
28 17
28 21
29 3
29 10
29 15
29 18
29 20
29 28
30 1
30 3
30 15
30 18
30 19
30 27
30 28
31 3
31 4
31 7
31 10
31 12
31 14
31 15
31 28
31 29
32 0
32 3
32 4
32 12
32 13
32 17
32 18
32 23
32 25
32 28
33 6
33 9
33 14
33 31
33 32
34 0
34 1
34 6
34 8
34 16
34 20
34 23
34 25
34 26
34 29
34 33
35 1
35 10
35 13
35 14
35 25
35 26
35 32
35 33
36 3
36 4
36 6
36 8
36 10
36 11
36 16
36 20
36 24
36 27
36 28
36 30
36 34
37 1
37 8
37 14
37 15
37 16
37 21
37 25
37 26
37 27
37 28
37 31
37 36
38 1
38 2
38 13
38 19
38 24
38 25
38 29
38 31
38 32
38 33
38 34
38 35
38 36
38 37
39 0
39 1
39 3
39 9
39 10
39 13
39 16
39 17
39 18
39 20
39 24
39 25
39 28
39 34
39 37
