40 234
3 1
6 2
7 0
7 2
7 5
7 6
8 2
8 3
8 4
9 8
10 0
10 5
10 8
10 9
11 0
11 2
11 3
11 7
11 8
12 0
12 1
12 5
12 7
12 11
13 0
13 2
13 3
13 6
13 7
13 8
13 10
13 11
14 3
14 11
15 3
15 6
15 8
15 12
16 1
16 2
16 11
17 2
17 4
17 5
17 7
17 14
17 16
18 0
18 1
18 10
18 11
18 14
18 15
19 1
19 4
19 11
19 13
19 14
19 18
20 0
20 3
20 6
20 8
20 10
20 17
21 0
21 4
21 8
21 10
21 12
21 16
21 17
21 18
21 20
22 1
22 10
22 12
22 14
22 15
22 17
22 18
22 20
23 0
23 1
23 7
23 9
23 10
23 18
23 19
24 2
24 5
24 6
24 7
24 14
24 15
24 16
24 17
24 18
24 22
24 23
25 0
25 2
25 5
25 6
25 8
25 10
25 15
25 16
25 19
25 20
25 24
26 2
26 3
26 5
26 6
26 8
26 13
26 16
26 17
26 18
27 2
27 3
27 6
27 13
27 23
27 24
28 2
28 5
28 8
28 9
28 11
28 14
28 22
28 24
28 26
29 6
29 9
29 10
29 14
29 22
29 23
29 26
29 27
30 2
30 8
30 9
30 10
30 11
30 14
30 16
30 22
30 28
31 0
31 7
31 9
31 12
31 13
31 25
31 26
31 29
32 0
32 5
32 8
32 13
32 16
33 3
33 4
33 10
33 13
33 14
33 17
33 18
33 19
33 21
33 22
33 31
34 5
34 14
34 20
34 24
34 27
35 3
35 14
35 27
35 29
36 0
36 6
36 10
36 13
36 14
36 18
36 20
36 23
36 24
36 25
36 32
36 34
36 35
37 1
37 2
37 4
37 9
37 14
37 15
37 17
37 19
37 20
37 26
37 28
37 29
37 30
37 34
38 3
38 6
38 8
38 12
38 15
38 20
38 27
38 29
39 2
39 7
39 11
39 12
39 21
39 22
39 23
39 27
39 28
39 31
39 34
39 35
39 36
39 37
