40 468
1 0
2 0
2 1
3 1
3 2
4 2
4 3
5 0
5 1
5 2
5 3
5 4
6 1
6 2
6 4
6 5
7 0
7 2
7 5
7 6
8 0
8 2
8 3
8 4
8 6
8 7
9 0
9 1
9 3
9 6
10 0
10 1
10 3
10 4
10 9
11 2
11 3
11 5
11 7
11 8
11 10
12 1
12 4
12 6
12 7
12 8
12 9
12 11
13 0
13 2
13 4
13 6
13 9
13 12
14 1
14 3
14 5
14 6
14 7
14 8
14 9
14 11
15 0
15 1
15 2
15 4
15 8
15 10
15 11
15 12
15 13
15 14
16 1
16 3
16 4
16 5
16 9
16 11
16 14
17 0
17 1
17 2
17 3
17 5
17 7
17 8
17 10
17 11
17 12
17 14
18 1
18 3
18 5
18 6
18 7
18 9
18 12
18 15
19 5
19 6
19 7
19 9
19 11
19 12
19 14
19 16
19 17
19 18
20 0
20 1
20 2
20 6
20 8
20 9
20 10
20 13
20 14
20 16
20 17
20 18
20 19
21 0
21 1
21 2
21 5
21 6
21 7
21 10
21 11
21 12
21 15
21 16
21 17
21 20
22 0
22 1
22 2
22 3
22 4
22 5
22 6
22 7
22 8
22 9
22 11
22 12
22 13
22 14
22 16
22 17
22 20
22 21
23 0
23 1
23 2
23 4
23 6
23 8
23 10
23 11
23 12
23 13
23 16
23 17
23 18
23 19
23 20
24 1
24 2
24 6
24 10
24 11
24 14
24 15
24 17
24 18
24 21
25 2
25 4
25 5
25 7
25 8
25 9
25 10
25 14
25 15
25 16
25 17
25 20
25 21
25 22
25 23
25 24
26 0
26 1
26 2
26 4
26 5
26 6
26 11
26 13
26 15
26 18
26 19
26 20
26 21
26 22
27 1
27 2
27 3
27 5
27 6
27 7
27 10
27 11
27 12
27 14
27 15
27 18
27 19
27 20
27 23
27 25
27 26
28 1
28 2
28 4
28 5
28 10
28 12
28 14
28 16
28 17
28 18
28 20
28 21
28 24
28 25
28 26
29 2
29 3
29 4
29 5
29 6
29 7
29 10
29 13
29 14
29 15
29 17
29 19
29 21
29 22
29 23
29 24
29 25
29 27
30 1
30 4
30 5
30 6
30 9
30 10
30 11
30 12
30 13
30 14
30 16
30 17
30 18
30 19
30 20
30 23
30 25
30 29
31 0
31 1
31 4
31 5
31 8
31 10
31 11
31 12
31 14
31 17
31 20
31 23
31 26
31 27
31 29
32 0
32 3
32 4
32 5
32 6
32 7
32 8
32 9
32 10
32 12
32 13
32 15
32 18
32 20
32 21
32 22
32 23
32 24
32 25
32 26
32 28
32 29
33 0
33 3
33 5
33 6
33 8
33 9
33 11
33 12
33 15
33 16
33 17
33 19
33 21
33 23
33 27
33 28
33 29
33 30
33 31
33 32
34 1
34 2
34 3
34 4
34 8
34 9
34 10
34 11
34 12
34 14
34 15
34 16
34 18
34 19
34 21
34 22
34 26
34 27
34 29
34 30
34 32
35 0
35 2
35 4
35 5
35 7
35 8
35 9
35 10
35 11
35 12
35 14
35 15
35 16
35 20
35 22
35 23
35 24
35 25
35 28
35 30
36 0
36 2
36 3
36 4
36 5
36 6
36 7
36 9
36 11
36 12
36 14
36 15
36 18
36 19
36 20
36 22
36 23
36 25
36 27
36 31
36 34
37 2
37 3
37 4
37 5
37 6
37 8
37 12
37 14
37 15
37 17
37 19
37 23
37 24
37 25
37 27
37 28
37 29
37 30
37 31
37 33
37 34
37 35
37 36
38 0
38 2
38 3
38 4
38 5
38 7
38 10
38 12
38 15
38 16
38 19
38 21
38 22
38 23
38 24
38 26
38 27
38 28
38 29
38 30
38 31
38 32
38 34
38 35
38 36
39 1
39 2
39 3
39 4
39 6
39 8
39 9
39 10
39 12
39 13
39 14
39 15
39 17
39 18
39 22
39 23
39 26
39 28
39 29
39 31
39 32
39 33
39 34
39 35
39 36
39 37
