50 367
3 2
4 0
4 1
4 2
5 3
6 2
6 3
6 4
6 5
7 2
7 3
7 6
8 0
8 5
8 6
8 7
9 0
9 2
9 4
9 7
10 1
10 6
10 9
11 3
12 2
12 3
12 5
12 8
12 11
13 12
14 0
14 1
14 2
14 5
14 8
14 12
15 1
15 2
15 3
16 1
17 2
17 9
17 10
17 12
17 14
17 15
18 6
18 10
18 12
18 15
19 17
20 1
20 7
20 9
20 10
20 11
20 13
20 14
20 15
21 2
21 5
21 6
21 8
21 9
21 13
21 15
22 1
22 4
22 8
22 9
22 11
22 16
22 17
23 1
23 7
23 9
23 10
23 12
23 16
23 19
23 20
23 22
24 1
24 13
24 16
24 22
25 2
25 5
25 14
25 16
25 22
26 0
26 4
26 9
26 10
26 11
26 18
26 20
26 23
27 0
27 1
27 2
27 4
27 7
27 9
27 11
27 18
27 19
27 21
27 22
27 25
28 1
28 2
28 3
28 11
28 12
28 13
28 16
28 17
28 19
28 20
28 26
28 27
29 0
29 5
29 8
29 9
29 11
29 13
29 18
29 21
29 22
29 24
30 5
30 13
30 14
30 15
30 16
30 17
30 21
30 22
30 23
30 24
30 29
31 1
31 4
31 6
31 7
31 11
31 15
31 18
31 24
31 26
31 27
32 6
32 9
32 14
32 16
32 21
32 22
32 23
32 24
32 28
33 0
33 4
33 5
33 6
33 7
33 8
33 10
33 14
33 18
33 19
33 27
33 29
34 8
34 12
34 14
34 17
34 20
34 21
34 24
34 27
34 30
34 31
35 0
35 1
35 4
35 7
35 11
35 16
35 26
35 27
35 28
35 29
35 31
36 2
36 4
36 7
36 9
36 11
36 14
36 15
36 16
36 21
36 25
36 32
37 0
37 1
37 2
37 3
37 7
37 8
37 24
37 32
37 33
38 9
38 14
38 16
38 19
38 24
38 27
38 29
38 30
38 33
38 35
38 37
39 0
39 2
39 4
39 5
39 17
39 20
39 25
39 28
39 32
39 33
39 35
39 37
39 38
40 6
40 7
40 9
40 12
40 17
40 18
40 22
40 24
40 26
40 38
41 3
41 5
41 6
41 8
41 9
41 11
41 14
41 18
41 19
41 21
41 22
41 23
41 29
41 38
41 39
42 0
42 1
42 2
42 3
42 8
42 9
42 11
42 14
42 22
42 33
43 3
43 5
43 8
43 13
43 16
43 27
43 30
43 33
43 34
43 35
43 36
43 38
44 3
44 8
44 13
44 15
44 17
44 26
44 32
44 38
45 1
45 2
45 3
45 6
45 7
45 19
45 20
45 21
45 28
45 31
45 39
45 43
46 2
46 3
46 9
46 12
46 13
46 17
46 18
46 19
46 20
46 25
46 27
46 29
46 32
46 34
46 35
46 38
46 39
46 40
46 42
46 43
46 45
47 4
47 11
47 26
47 28
47 29
47 31
47 32
47 37
47 39
47 41
47 42
47 44
48 2
48 5
48 8
48 11
48 14
48 21
48 24
48 25
48 26
48 31
48 34
48 41
48 43
49 2
49 14
49 17
49 22
49 26
49 28
49 36
49 38
49 39
49 41
49 43
49 44
49 45
49 47
