40 120
4 0
4 3
6 0
6 2
6 5
8 4
8 6
9 5
10 0
10 5
13 4
13 7
14 0
15 2
15 8
15 13
16 0
16 2
16 4
17 1
17 9
17 11
17 15
18 6
18 7
19 15
20 4
20 12
20 13
21 3
22 3
22 17
24 0
24 12
24 17
24 20
24 21
24 23
25 3
25 5
25 20
26 3
26 12
26 13
27 0
27 2
27 3
27 13
27 22
27 23
28 1
28 4
28 5
28 11
28 12
28 14
28 19
28 21
28 23
29 0
29 6
29 9
29 10
29 12
29 18
29 19
30 12
30 19
31 0
31 2
31 6
31 8
31 9
31 12
31 18
32 6
32 24
32 26
32 28
33 2
33 22
33 25
33 26
33 29
34 3
34 4
34 7
34 9
34 13
34 18
34 26
35 2
35 4
35 5
35 7
35 15
35 19
35 31
35 34
36 8
37 6
37 8
37 16
37 17
37 18
37 20
37 25
37 31
38 2
38 3
38 8
38 12
38 15
38 16
38 20
38 33
38 35
39 16
39 25
39 27
