20 114
2 0
2 1
3 1
4 1
4 3
5 4
6 0
6 4
6 5
7 2
7 3
7 4
7 5
7 6
8 0
8 3
8 5
8 6
8 7
9 0
9 2
9 6
10 0
10 3
10 4
10 5
10 7
10 9
11 1
11 7
11 8
11 10
12 0
12 3
12 4
12 6
12 8
12 9
12 10
12 11
13 2
13 4
13 5
13 7
13 8
13 9
13 10
13 11
14 1
14 2
14 3
14 7
14 8
14 10
14 11
14 12
15 0
15 1
15 2
15 3
15 4
15 5
15 6
15 7
15 8
15 9
15 11
15 13
15 14
16 1
16 2
16 5
16 7
16 8
16 9
16 10
16 13
17 0
17 3
17 4
17 5
17 6
17 7
17 8
17 9
17 10
17 11
17 12
17 15
17 16
18 0
18 4
18 5
18 7
18 11
18 12
18 16
18 17
19 0
19 1
19 2
19 3
19 4
19 5
19 6
19 7
19 9
19 11
19 12
19 13
19 14
19 15
19 16
19 18
