50 150
1 0
5 4
6 3
8 2
8 6
10 8
10 9
11 10
13 0
13 2
13 8
14 11
15 9
15 12
16 2
17 7
17 11
18 6
18 7
18 11
19 4
20 1
20 19
21 1
21 10
21 11
21 17
22 7
22 10
22 12
23 21
24 0
24 5
24 7
24 20
25 3
25 9
25 11
25 14
26 4
26 23
27 0
27 11
27 22
28 4
28 5
28 10
28 20
28 21
28 26
29 12
29 14
29 25
30 2
30 3
30 15
31 11
31 13
31 23
32 9
32 16
32 18
32 21
32 24
32 27
33 0
33 5
33 19
33 24
33 29
34 2
34 5
34 6
34 18
34 28
35 0
35 20
35 30
36 6
36 8
36 21
36 29
37 3
37 4
37 26
38 7
38 23
38 28
38 29
39 3
39 5
39 13
39 16
39 18
39 19
39 27
39 36
40 13
40 19
40 32
40 36
41 0
41 6
41 8
41 9
41 16
41 28
41 29
41 32
41 33
42 1
42 17
42 21
42 25
42 32
42 35
43 2
43 10
43 30
43 35
43 42
44 23
44 24
45 5
45 11
45 17
45 19
45 22
45 25
45 28
46 5
46 6
46 16
46 23
46 36
46 40
47 0
47 8
47 14
47 22
47 26
47 27
48 0
48 4
48 32
48 36
49 15
49 37
49 42
49 47
