40 468
1 0
2 1
3 2
4 0
4 1
4 3
5 0
5 2
5 3
5 4
6 2
6 3
6 4
7 1
7 2
8 0
8 1
8 2
8 3
8 4
8 5
8 6
8 7
9 0
9 1
9 2
9 3
9 4
9 5
9 6
10 1
10 2
10 4
10 6
10 7
10 9
11 1
11 2
11 4
11 5
11 6
11 8
12 0
12 1
12 2
12 3
12 6
12 8
12 9
12 10
12 11
13 1
13 2
13 4
13 6
13 7
13 8
13 9
13 11
13 12
14 0
14 1
14 2
14 5
14 6
14 8
14 9
14 10
14 11
14 13
15 0
15 2
15 4
15 6
15 7
15 11
15 12
15 13
15 14
16 4
16 6
16 7
16 8
16 10
16 13
16 14
17 1
17 2
17 7
17 8
17 10
17 11
17 12
17 15
18 0
18 2
18 4
18 5
18 6
18 7
18 11
18 13
18 14
18 15
18 16
18 17
19 1
19 2
19 3
19 6
19 7
19 11
19 14
19 15
19 17
20 0
20 2
20 4
20 5
20 6
20 7
20 8
20 10
20 11
20 12
20 14
20 17
20 19
21 0
21 1
21 2
21 6
21 7
21 9
21 10
21 12
21 14
21 15
21 16
21 17
21 19
21 20
22 0
22 2
22 3
22 6
22 7
22 8
22 9
22 10
22 11
22 12
22 14
22 15
22 18
22 19
22 20
23 0
23 2
23 3
23 6
23 7
23 10
23 11
23 15
23 17
23 18
23 19
23 20
23 22
24 0
24 1
24 4
24 5
24 11
24 12
24 13
24 15
24 16
24 17
24 18
24 20
24 21
24 23
25 0
25 1
25 4
25 5
25 7
25 10
25 11
25 12
25 13
25 14
25 17
25 19
25 20
25 21
25 24
26 2
26 3
26 4
26 5
26 6
26 7
26 8
26 11
26 12
26 14
26 15
26 16
26 18
26 23
26 24
27 0
27 5
27 6
27 8
27 9
27 13
27 15
27 16
27 18
27 19
27 20
27 21
27 22
27 23
27 24
27 25
27 26
28 1
28 2
28 3
28 4
28 5
28 6
28 10
28 11
28 12
28 13
28 14
28 16
28 17
28 25
29 0
29 2
29 3
29 7
29 8
29 10
29 11
29 12
29 15
29 16
29 17
29 19
29 22
29 25
29 26
29 27
30 2
30 4
30 8
30 9
30 10
30 11
30 14
30 17
30 18
30 19
30 24
30 26
30 27
30 28
31 0
31 3
31 6
31 7
31 10
31 12
31 13
31 14
31 15
31 17
31 19
31 22
31 24
31 25
31 26
31 27
31 28
31 29
31 30
32 0
32 1
32 2
32 3
32 4
32 6
32 7
32 9
32 10
32 11
32 12
32 13
32 14
32 16
32 17
32 19
32 22
32 23
32 25
32 27
32 28
32 29
32 30
32 31
33 0
33 1
33 2
33 4
33 5
33 7
33 11
33 12
33 14
33 16
33 17
33 18
33 20
33 24
33 25
33 27
33 29
33 30
33 32
34 0
34 1
34 2
34 3
34 5
34 8
34 9
34 10
34 14
34 16
34 19
34 21
34 22
34 23
34 25
34 26
34 27
34 29
34 33
35 1
35 3
35 4
35 8
35 10
35 11
35 12
35 13
35 15
35 16
35 17
35 18
35 19
35 21
35 23
35 26
35 29
35 30
35 31
35 32
35 33
35 34
36 2
36 5
36 7
36 10
36 13
36 14
36 15
36 16
36 17
36 18
36 19
36 20
36 22
36 23
36 24
36 26
36 29
36 31
36 32
36 33
37 0
37 1
37 2
37 3
37 4
37 6
37 8
37 9
37 11
37 12
37 19
37 20
37 21
37 22
37 23
37 24
37 26
37 27
37 30
37 33
37 34
37 35
37 36
38 0
38 2
38 3
38 7
38 8
38 9
38 10
38 12
38 13
38 16
38 17
38 18
38 19
38 21
38 22
38 23
38 24
38 25
38 27
38 28
38 29
38 30
38 31
38 35
38 36
39 3
39 4
39 6
39 7
39 8
39 10
39 11
39 13
39 14
39 15
39 17
39 20
39 23
39 24
39 30
39 31
39 32
39 33
39 35
39 36
39 37
39 38
