50 735
2 0
2 1
3 0
3 2
4 0
4 1
4 2
4 3
5 2
5 3
5 4
6 0
6 1
6 2
6 3
6 5
7 0
7 1
7 2
7 4
7 5
7 6
8 0
8 2
8 4
8 6
9 4
9 7
10 4
10 7
10 8
10 9
11 0
11 4
11 6
11 8
11 9
11 10
12 0
12 2
12 4
12 5
12 6
12 8
12 10
13 1
13 2
13 4
13 7
13 9
13 10
13 12
14 3
14 4
14 5
14 6
14 7
14 12
15 0
15 2
15 8
15 11
15 12
15 13
16 3
16 4
16 6
16 10
16 11
16 13
16 15
17 0
17 1
17 2
17 3
17 4
17 5
17 6
17 7
17 8
17 9
17 10
17 12
17 14
17 15
17 16
18 0
18 1
18 3
18 4
18 6
18 7
18 9
18 11
18 14
18 15
18 16
19 0
19 3
19 5
19 6
19 7
19 8
19 10
19 11
19 12
19 13
19 14
19 15
19 16
20 0
20 3
20 4
20 5
20 8
20 9
20 10
20 14
20 15
20 19
21 0
21 3
21 6
21 7
21 8
21 10
21 11
21 12
21 14
21 15
21 16
21 19
21 20
22 2
22 3
22 6
22 7
22 8
22 10
22 11
22 14
22 15
22 17
22 18
22 19
22 21
23 1
23 5
23 10
23 14
23 17
23 18
23 19
23 20
23 21
23 22
24 1
24 3
24 4
24 5
24 8
24 9
24 10
24 11
24 12
24 13
24 15
24 17
24 18
24 19
24 22
25 1
25 2
25 3
25 4
25 6
25 7
25 9
25 11
25 12
25 13
25 14
25 16
25 17
25 18
25 21
25 22
25 23
25 24
26 0
26 2
26 3
26 4
26 5
26 6
26 7
26 8
26 9
26 12
26 13
26 16
26 19
26 21
26 24
26 25
27 0
27 5
27 6
27 8
27 9
27 10
27 11
27 13
27 14
27 15
27 17
27 18
27 19
27 21
27 22
27 23
27 25
28 0
28 2
28 4
28 6
28 7
28 8
28 9
28 10
28 11
28 12
28 14
28 15
28 16
28 18
28 24
28 25
28 26
29 4
29 6
29 8
29 9
29 10
29 11
29 12
29 14
29 15
29 20
29 22
29 24
29 25
29 26
30 0
30 1
30 2
30 3
30 4
30 8
30 13
30 14
30 15
30 19
30 20
30 21
30 23
30 25
30 26
30 29
31 0
31 1
31 2
31 4
31 5
31 6
31 7
31 8
31 9
31 10
31 11
31 13
31 15
31 16
31 18
31 20
31 22
31 23
31 24
31 25
31 26
31 28
31 29
31 30
32 2
32 6
32 9
32 11
32 14
32 15
32 16
32 19
32 21
32 26
32 27
32 29
32 30
32 31
33 0
33 2
33 3
33 6
33 8
33 9
33 11
33 13
33 15
33 17
33 22
33 23
33 24
33 25
33 26
33 27
33 28
33 30
34 1
34 2
34 3
34 4
34 5
34 6
34 11
34 12
34 15
34 16
34 20
34 22
34 24
34 25
34 26
34 27
34 29
34 31
35 2
35 7
35 8
35 9
35 10
35 11
35 12
35 13
35 14
35 16
35 17
35 19
35 22
35 27
35 29
35 30
35 31
35 33
35 34
36 1
36 4
36 6
36 7
36 8
36 9
36 10
36 12
36 17
36 19
36 21
36 22
36 23
36 26
36 29
36 31
36 32
37 1
37 2
37 4
37 5
37 8
37 9
37 10
37 12
37 14
37 15
37 17
37 18
37 19
37 20
37 21
37 22
37 23
37 24
37 25
37 27
37 28
37 29
37 30
37 31
37 32
37 33
37 34
38 1
38 2
38 4
38 5
38 8
38 10
38 12
38 14
38 17
38 18
38 19
38 20
38 21
38 23
38 25
38 26
38 27
38 28
38 29
38 32
38 34
38 35
39 0
39 1
39 3
39 4
39 5
39 6
39 8
39 9
39 11
39 15
39 16
39 18
39 20
39 22
39 23
39 24
39 26
39 30
39 31
39 33
39 34
39 35
39 37
39 38
40 0
40 2
40 7
40 8
40 9
40 10
40 11
40 12
40 14
40 16
40 17
40 18
40 19
40 20
40 21
40 22
40 23
40 24
40 25
40 26
40 28
40 29
40 30
40 31
40 33
40 35
40 37
40 39
41 0
41 3
41 4
41 5
41 6
41 7
41 8
41 10
41 11
41 12
41 13
41 14
41 15
41 16
41 17
41 18
41 20
41 21
41 22
41 23
41 24
41 27
41 28
41 29
41 30
41 31
41 32
41 33
41 34
41 35
41 36
41 38
42 1
42 5
42 7
42 8
42 11
42 12
42 13
42 16
42 18
42 19
42 20
42 25
42 26
42 28
42 30
42 32
42 34
42 35
42 39
42 40
42 41
43 0
43 2
43 3
43 4
43 5
43 6
43 7
43 8
43 9
43 10
43 11
43 12
43 13
43 14
43 17
43 18
43 20
43 21
43 22
43 24
43 25
43 27
43 28
43 29
43 31
43 32
43 33
43 34
43 35
43 36
43 37
43 38
43 40
43 42
44 0
44 1
44 3
44 4
44 5
44 6
44 8
44 9
44 10
44 11
44 14
44 15
44 19
44 21
44 25
44 27
44 28
44 29
44 31
44 32
44 33
44 35
44 36
44 38
44 40
44 41
44 42
44 43
45 0
45 1
45 3
45 4
45 5
45 7
45 10
45 12
45 14
45 15
45 19
45 21
45 22
45 23
45 24
45 28
45 29
45 30
45 31
45 32
45 35
45 36
45 38
45 41
45 42
45 43
46 0
46 1
46 3
46 5
46 11
46 12
46 15
46 16
46 20
46 23
46 25
46 28
46 29
46 31
46 32
46 35
46 37
46 38
46 40
46 41
46 42
46 43
46 44
46 45
47 0
47 1
47 2
47 3
47 4
47 7
47 8
47 11
47 12
47 13
47 16
47 18
47 19
47 20
47 21
47 22
47 24
47 25
47 27
47 31
47 32
47 35
47 37
47 38
47 39
47 40
47 41
47 43
47 44
47 45
47 46
48 3
48 5
48 8
48 9
48 10
48 11
48 12
48 14
48 16
48 17
48 20
48 22
48 23
48 24
48 28
48 30
48 32
48 33
48 37
48 38
48 39
48 40
48 41
48 42
48 43
48 44
48 45
48 47
49 3
49 5
49 6
49 8
49 9
49 12
49 15
49 17
49 18
49 19
49 20
49 22
49 23
49 24
49 26
49 27
49 28
49 29
49 30
49 32
49 33
49 36
49 38
49 39
49 42
49 43
49 44
49 45
49 46
49 47
49 48
