20 114
1 0
2 0
2 1
3 1
3 2
4 0
4 2
4 3
5 2
5 3
5 4
6 0
6 1
6 4
7 0
7 1
7 4
7 5
7 6
8 0
8 3
8 4
8 6
9 0
9 1
9 4
9 5
9 6
9 7
9 8
10 0
10 1
10 3
10 6
10 7
10 9
11 0
11 2
11 3
11 4
11 7
12 1
12 2
12 6
12 9
13 0
13 1
13 3
13 4
13 7
13 9
13 11
13 12
14 1
14 3
14 4
14 5
14 7
14 8
14 9
14 10
14 11
15 0
15 2
15 7
15 9
15 10
15 12
15 14
16 0
16 3
16 4
16 5
16 7
16 12
16 13
16 15
17 0
17 1
17 2
17 3
17 5
17 6
17 7
17 8
17 10
17 11
17 14
18 0
18 1
18 2
18 3
18 4
18 5
18 7
18 8
18 9
18 13
18 14
18 15
18 16
18 17
19 2
19 3
19 5
19 7
19 8
19 9
19 10
19 11
19 12
19 13
19 17
19 18
