30 130
3 2
7 3
7 5
8 1
8 5
9 5
9 8
10 0
11 2
11 5
11 8
11 10
12 9
12 10
13 10
14 0
14 1
14 2
14 6
14 13
15 1
15 4
15 5
15 7
15 8
15 10
15 12
15 13
16 6
16 7
16 11
16 15
17 1
17 3
17 5
17 8
17 10
17 12
17 13
17 14
17 15
18 1
18 6
18 7
18 9
18 10
18 12
19 0
19 3
19 4
19 6
19 7
19 8
19 10
19 14
20 2
20 8
20 13
20 14
20 16
21 5
21 9
21 11
21 12
21 16
22 0
22 2
22 8
22 9
22 10
22 11
22 14
22 15
22 16
22 18
22 20
23 2
23 4
23 7
23 16
23 17
23 19
23 20
24 2
24 4
24 11
24 12
24 15
24 18
24 22
24 23
25 8
25 12
25 14
25 16
25 17
25 22
26 0
26 2
26 4
26 9
26 11
26 18
26 19
27 1
27 11
27 13
27 17
27 18
27 19
28 0
28 3
28 7
28 10
28 13
28 25
28 26
29 0
29 1
29 2
29 4
29 5
29 8
29 10
29 11
29 14
29 16
29 18
29 19
29 28
