30 261
1 0
2 0
3 0
3 2
4 1
4 2
4 3
5 1
5 2
5 4
6 0
6 1
6 3
6 4
7 0
7 3
7 4
7 5
7 6
8 1
8 2
8 7
9 1
9 4
9 6
9 7
9 8
10 0
10 1
10 4
10 5
10 6
10 7
10 8
10 9
11 1
11 2
11 3
11 4
11 6
11 10
12 0
12 1
12 4
12 5
12 6
12 9
12 10
13 4
13 7
13 8
13 9
13 10
13 11
14 0
14 2
14 3
14 4
14 5
14 8
14 9
14 11
14 12
14 13
15 1
15 2
15 3
15 4
15 5
15 6
15 7
15 9
15 10
15 12
15 13
15 14
16 1
16 2
16 3
16 8
16 10
16 12
16 13
16 15
17 0
17 4
17 5
17 9
17 11
17 12
17 14
17 15
17 16
18 0
18 2
18 3
18 4
18 6
18 7
18 8
18 9
18 10
18 11
18 12
18 13
18 16
18 17
19 0
19 1
19 2
19 4
19 7
19 9
19 10
19 11
19 12
19 14
19 15
20 0
20 3
20 6
20 7
20 9
20 11
20 13
20 15
20 16
20 17
20 18
20 19
21 3
21 4
21 5
21 8
21 9
21 11
21 12
21 18
21 20
22 0
22 2
22 3
22 4
22 6
22 8
22 9
22 11
22 12
22 14
22 15
22 18
22 19
22 21
23 3
23 4
23 5
23 7
23 8
23 9
23 10
23 12
23 13
23 14
23 17
23 19
23 21
23 22
24 1
24 2
24 3
24 5
24 8
24 11
24 12
24 14
24 15
24 17
24 18
24 19
24 21
25 0
25 1
25 4
25 6
25 7
25 8
25 10
25 11
25 14
25 16
25 17
25 18
25 19
25 20
25 21
25 22
25 23
26 0
26 1
26 2
26 4
26 5
26 6
26 9
26 16
26 17
26 20
26 21
26 22
26 23
26 24
27 0
27 1
27 2
27 3
27 4
27 6
27 7
27 8
27 10
27 11
27 14
27 15
27 16
27 18
27 20
27 22
27 23
27 24
27 25
28 0
28 2
28 4
28 5
28 6
28 7
28 8
28 10
28 11
28 13
28 14
28 15
28 17
28 18
28 21
28 23
29 1
29 2
29 4
29 5
29 8
29 9
29 11
29 13
29 15
29 16
29 18
29 19
29 22
29 24
29 28
