40 120
2 0
3 1
5 1
5 2
6 0
7 4
8 0
8 4
8 7
9 6
10 5
11 6
11 8
13 5
13 11
14 0
14 4
14 11
15 1
16 13
17 1
17 8
18 3
18 4
18 8
19 5
19 6
19 8
19 16
20 5
20 15
21 17
22 11
22 16
23 2
23 7
23 10
23 12
23 19
24 1
24 3
24 4
24 9
24 14
24 18
24 21
25 0
25 7
25 8
25 18
25 22
25 24
26 20
26 22
26 25
27 1
27 2
27 7
27 8
27 10
27 12
27 21
27 26
28 2
28 9
28 10
28 14
28 19
28 21
28 23
29 23
29 24
30 0
30 4
30 23
31 27
31 29
32 2
32 5
32 6
32 12
32 27
33 5
33 12
33 15
33 23
33 28
34 13
34 18
34 29
35 17
35 18
35 23
35 24
36 0
36 4
36 8
36 9
36 11
36 17
36 30
36 33
37 2
37 3
37 9
37 10
37 14
37 17
37 19
37 22
37 25
37 35
38 14
38 32
38 33
38 35
39 20
39 24
39 26
39 35
