40 120
5 1
5 3
6 1
6 2
6 4
6 5
10 9
11 2
12 4
12 5
12 11
13 4
14 3
14 12
15 0
15 8
15 11
16 0
16 1
16 4
16 10
16 11
19 0
19 2
19 4
19 13
19 14
19 15
20 9
20 18
21 1
21 4
21 6
21 9
21 18
22 2
22 8
22 11
22 13
22 14
23 3
24 0
24 14
24 22
24 23
25 0
25 2
25 3
25 7
25 18
25 24
26 3
26 17
26 20
26 22
27 2
27 15
27 18
27 21
28 2
28 7
28 17
28 19
28 25
29 1
29 4
29 17
29 24
30 3
30 6
30 10
30 18
30 19
30 20
30 22
30 26
31 2
31 29
32 0
32 13
33 3
33 4
33 5
33 16
33 21
33 26
34 6
34 11
34 17
34 18
34 20
34 25
34 28
35 4
35 13
35 17
35 26
36 0
36 3
36 11
36 20
36 21
36 28
36 34
37 8
37 9
37 28
37 32
37 35
38 4
38 7
38 13
38 15
38 18
38 24
38 32
39 5
39 21
39 34
39 38
