40 234
1 0
2 0
4 0
4 3
5 3
6 2
7 3
7 5
9 1
10 2
10 5
10 6
11 3
11 7
11 8
12 1
12 2
12 8
13 1
13 2
13 3
13 7
14 1
14 7
14 13
15 0
15 2
15 3
15 4
15 6
15 9
15 11
15 14
16 1
16 3
16 7
16 8
16 9
16 11
16 12
16 13
17 5
17 6
17 8
17 9
17 12
18 4
18 6
18 8
18 14
19 1
19 3
19 11
20 2
20 4
20 7
20 8
20 15
20 16
20 18
21 0
21 2
21 3
21 15
22 0
22 2
22 6
22 9
22 13
22 14
23 0
23 3
23 14
23 15
23 18
23 21
23 22
24 3
24 4
24 5
24 7
24 15
24 16
24 17
24 20
24 23
25 8
25 9
25 13
25 14
25 17
26 4
26 11
26 14
26 16
26 19
26 21
26 23
26 24
26 25
27 1
27 5
27 7
27 13
27 22
28 0
28 1
28 8
28 12
28 14
28 16
28 23
28 24
29 3
29 8
29 9
29 10
29 11
29 19
29 21
30 0
30 5
30 11
30 14
30 15
30 19
30 20
30 21
30 22
30 23
30 24
30 28
31 0
31 1
31 2
31 3
31 7
31 15
31 18
31 21
32 0
32 1
32 8
32 11
32 14
32 22
32 23
32 25
32 27
32 31
33 3
33 6
33 7
33 10
33 12
33 15
33 18
33 20
33 21
33 25
33 27
34 1
34 2
34 10
34 14
34 16
34 21
34 27
34 32
35 3
35 7
35 8
35 13
35 17
35 21
35 22
35 23
35 25
35 26
35 27
35 28
35 29
36 2
36 4
36 7
36 10
36 11
36 25
36 26
36 27
36 31
36 34
37 3
37 4
37 10
37 12
37 17
37 18
37 20
37 23
37 24
37 31
37 32
38 1
38 2
38 3
38 5
38 6
38 7
38 8
38 13
38 14
38 18
38 22
38 25
38 26
38 27
38 32
38 35
38 36
39 0
39 4
39 5
39 6
39 13
39 17
39 18
39 19
39 20
39 21
39 24
39 26
39 27
39 35
