40 468
1 0
2 1
3 0
3 1
4 0
4 1
4 3
5 0
5 3
6 1
7 1
7 3
7 4
7 6
8 3
8 5
8 6
9 1
9 3
9 7
10 0
10 1
10 2
10 3
10 4
10 5
10 6
10 8
11 1
11 2
11 3
11 4
11 5
11 6
11 7
11 8
11 10
12 0
12 2
12 3
12 4
12 5
12 6
12 8
12 9
12 10
12 11
13 0
13 2
13 3
13 4
13 5
13 6
13 8
13 9
13 10
13 11
14 1
14 2
14 4
14 6
14 7
14 9
14 12
15 0
15 4
15 5
15 6
15 9
15 10
15 11
15 12
16 0
16 1
16 2
16 7
16 8
16 10
16 13
16 15
17 0
17 1
17 2
17 3
17 6
17 7
17 8
17 9
17 10
17 13
17 16
18 0
18 1
18 3
18 6
18 7
18 8
18 9
18 11
18 12
18 13
18 14
18 16
19 0
19 2
19 4
19 5
19 6
19 8
19 9
19 10
19 11
19 12
19 13
19 15
19 16
19 17
20 0
20 1
20 2
20 3
20 4
20 5
20 6
20 7
20 8
20 9
20 10
20 11
20 14
20 15
20 16
20 18
20 19
21 1
21 2
21 6
21 9
21 10
21 11
21 12
21 13
21 15
21 16
21 18
21 19
22 0
22 1
22 2
22 3
22 4
22 5
22 7
22 9
22 12
22 13
22 16
22 17
22 19
23 0
23 1
23 3
23 4
23 5
23 6
23 8
23 9
23 10
23 11
23 14
23 15
23 16
23 18
23 19
23 20
23 21
23 22
24 1
24 4
24 5
24 6
24 8
24 9
24 11
24 12
24 13
24 18
24 19
24 20
24 22
24 23
25 0
25 2
25 3
25 5
25 6
25 7
25 8
25 9
25 10
25 11
25 12
25 13
25 14
25 15
25 17
25 19
25 22
25 24
26 0
26 3
26 4
26 6
26 8
26 9
26 10
26 13
26 14
26 19
26 22
26 23
26 24
26 25
27 9
27 10
27 11
27 12
27 13
27 15
27 16
27 17
27 18
27 20
27 22
27 23
27 25
28 2
28 3
28 4
28 6
28 7
28 8
28 9
28 10
28 11
28 13
28 15
28 16
28 18
28 20
28 23
28 25
28 27
29 0
29 1
29 4
29 5
29 6
29 9
29 10
29 11
29 18
29 19
29 22
29 23
29 27
30 0
30 2
30 3
30 4
30 6
30 7
30 8
30 9
30 10
30 11
30 12
30 15
30 16
30 17
30 18
30 19
30 20
30 22
30 23
30 25
30 26
30 27
30 28
31 1
31 3
31 4
31 5
31 6
31 7
31 10
31 11
31 13
31 14
31 17
31 18
31 20
31 22
31 23
31 24
31 28
31 30
32 1
32 2
32 4
32 5
32 6
32 7
32 8
32 11
32 14
32 17
32 20
32 21
32 22
32 23
32 25
32 27
32 28
32 30
32 31
33 0
33 1
33 2
33 4
33 5
33 6
33 7
33 9
33 11
33 13
33 14
33 15
33 16
33 20
33 21
33 22
33 23
33 25
33 27
33 30
33 31
33 32
34 1
34 2
34 6
34 7
34 8
34 10
34 12
34 13
34 14
34 16
34 17
34 18
34 19
34 20
34 23
34 24
34 26
34 28
34 30
34 31
34 33
35 0
35 2
35 3
35 5
35 6
35 9
35 10
35 12
35 14
35 15
35 16
35 17
35 18
35 19
35 20
35 22
35 26
35 27
35 29
35 30
35 31
35 32
35 34
36 0
36 3
36 7
36 8
36 10
36 11
36 12
36 13
36 16
36 17
36 20
36 24
36 27
36 28
36 33
36 35
37 0
37 1
37 2
37 6
37 7
37 9
37 10
37 11
37 12
37 14
37 18
37 20
37 21
37 25
37 26
37 30
37 31
37 32
37 34
37 35
38 0
38 3
38 4
38 7
38 11
38 12
38 13
38 14
38 15
38 17
38 18
38 20
38 23
38 24
38 26
38 27
38 28
38 30
38 31
38 33
38 34
38 35
38 37
39 0
39 2
39 3
39 4
39 11
39 16
39 18
39 19
39 20
39 22
39 23
39 26
39 28
39 32
39 34
39 35
39 36
