50 150
1 0
4 3
5 3
9 0
11 2
11 5
12 5
13 1
13 2
13 11
13 12
14 12
15 2
15 10
15 13
16 5
17 7
17 10
17 12
17 15
18 11
18 17
19 7
19 17
21 3
21 7
21 14
22 3
22 17
22 19
23 0
23 9
23 17
23 21
24 1
24 4
24 9
24 19
24 21
24 23
25 3
25 13
25 16
26 4
26 15
28 6
28 22
29 0
29 1
29 15
29 21
30 2
30 12
30 25
31 1
31 2
31 15
31 18
32 1
32 7
32 9
32 11
32 12
32 18
32 22
33 0
33 5
33 8
33 14
33 18
33 32
34 5
34 14
34 22
34 32
35 3
35 17
35 29
36 7
36 8
36 9
36 23
37 3
37 4
37 21
37 23
37 24
37 26
37 30
37 32
37 35
38 20
38 26
39 24
39 30
39 35
39 37
40 12
40 26
40 34
40 36
41 19
41 24
41 29
41 37
42 12
42 22
42 36
43 3
43 33
43 35
43 39
44 8
44 15
44 19
44 26
44 35
45 5
45 16
45 23
45 26
45 33
45 40
45 41
45 42
46 0
46 3
46 7
46 8
46 18
46 26
46 33
46 36
46 43
46 45
47 9
47 13
47 37
47 39
47 42
48 8
48 18
48 26
49 3
49 11
49 32
49 33
49 34
49 35
49 38
