30 130
2 0
3 0
3 1
4 0
4 1
4 2
5 0
5 1
5 2
7 6
8 1
8 2
8 3
9 1
9 3
9 5
9 8
10 0
10 1
10 3
10 6
10 9
11 4
11 6
11 7
11 9
12 4
12 10
13 0
13 4
14 4
14 5
14 11
15 2
15 5
15 7
15 9
15 11
16 13
17 5
17 8
17 10
17 14
18 0
18 9
18 12
18 16
19 2
19 3
19 6
19 8
19 9
19 10
20 0
20 10
20 12
20 14
20 16
20 18
20 19
21 1
21 2
21 4
21 6
21 9
21 10
21 13
21 14
21 15
21 17
21 18
21 19
22 3
22 4
22 5
22 9
22 10
22 14
22 15
22 17
22 18
23 3
23 5
23 6
23 13
23 15
23 16
23 17
24 8
24 11
24 12
24 13
24 15
24 19
24 20
24 22
25 0
25 5
25 6
25 11
25 13
25 16
25 19
25 21
25 23
25 24
26 3
26 4
26 5
26 10
26 16
26 23
26 25
27 4
27 7
27 11
28 1
28 5
28 20
28 21
28 26
29 0
29 5
29 8
29 10
29 11
29 19
29 21
29 23
29 25
