40 468
2 0
3 1
4 1
4 3
5 1
5 2
5 3
5 4
6 0
6 1
6 3
6 4
7 2
7 3
7 4
8 1
8 3
8 4
8 5
8 7
9 0
9 5
9 6
9 8
10 2
10 4
10 6
10 8
11 0
11 1
11 2
11 3
11 4
11 8
11 9
12 1
12 3
12 4
12 5
12 7
12 10
13 0
13 2
13 3
13 4
13 5
13 6
13 7
13 11
13 12
14 0
14 1
14 2
14 4
14 5
14 6
14 7
14 11
15 0
15 6
15 8
15 9
15 10
15 11
15 12
16 0
16 1
16 2
16 3
16 5
16 6
16 9
16 10
16 13
16 14
16 15
17 0
17 2
17 5
17 7
17 9
17 11
17 13
17 14
17 15
17 16
18 0
18 1
18 3
18 4
18 7
18 8
18 11
18 12
18 13
18 14
19 0
19 1
19 2
19 5
19 6
19 7
19 8
19 10
19 11
19 12
19 14
19 16
19 18
20 0
20 1
20 2
20 4
20 5
20 7
20 9
20 12
20 14
20 15
20 18
21 1
21 6
21 7
21 9
21 10
21 11
21 12
21 13
21 16
21 17
21 18
21 20
22 0
22 2
22 5
22 6
22 7
22 8
22 9
22 12
22 13
22 14
22 16
22 17
22 18
23 0
23 1
23 2
23 3
23 5
23 6
23 7
23 9
23 10
23 15
23 16
23 17
23 19
23 20
23 21
23 22
24 1
24 3
24 4
24 6
24 8
24 11
24 14
24 17
24 18
24 19
24 20
24 21
24 22
25 1
25 2
25 6
25 7
25 9
25 10
25 11
25 16
25 19
25 20
25 23
25 24
26 1
26 4
26 7
26 8
26 9
26 11
26 12
26 13
26 18
26 20
26 24
26 25
27 0
27 2
27 4
27 5
27 6
27 8
27 11
27 12
27 13
27 14
27 15
27 16
27 18
27 24
27 25
28 0
28 2
28 5
28 7
28 8
28 9
28 10
28 14
28 15
28 16
28 19
28 21
28 22
28 23
28 25
28 26
29 1
29 2
29 3
29 4
29 5
29 6
29 7
29 8
29 9
29 14
29 16
29 17
29 18
29 19
29 20
29 21
29 22
29 23
29 26
29 27
30 1
30 2
30 3
30 6
30 7
30 8
30 9
30 11
30 15
30 16
30 18
30 20
30 21
30 24
30 26
30 28
30 29
31 0
31 1
31 4
31 5
31 6
31 8
31 9
31 10
31 11
31 12
31 13
31 17
31 18
31 21
31 23
31 24
31 26
31 27
31 29
32 0
32 1
32 3
32 4
32 6
32 7
32 9
32 10
32 13
32 14
32 15
32 16
32 19
32 20
32 26
32 27
32 28
32 30
32 31
33 0
33 2
33 3
33 4
33 5
33 7
33 8
33 9
33 13
33 14
33 15
33 17
33 18
33 20
33 21
33 23
33 28
33 29
33 31
34 2
34 3
34 4
34 6
34 7
34 8
34 10
34 11
34 12
34 13
34 14
34 16
34 17
34 19
34 21
34 22
34 23
34 24
34 26
34 27
34 28
34 29
34 32
35 1
35 2
35 3
35 4
35 6
35 7
35 9
35 11
35 13
35 14
35 16
35 18
35 20
35 21
35 24
35 25
35 27
35 29
35 31
35 32
35 33
35 34
36 0
36 1
36 2
36 3
36 4
36 5
36 6
36 7
36 8
36 10
36 11
36 12
36 13
36 14
36 15
36 17
36 18
36 21
36 23
36 24
36 25
36 26
36 30
36 34
37 0
37 2
37 3
37 4
37 6
37 7
37 8
37 9
37 10
37 12
37 13
37 14
37 15
37 16
37 17
37 18
37 19
37 21
37 24
37 25
37 26
37 27
37 28
37 29
37 31
37 32
37 33
37 35
38 0
38 1
38 2
38 4
38 5
38 6
38 7
38 8
38 9
38 13
38 15
38 16
38 18
38 19
38 22
38 23
38 26
38 27
38 29
38 30
38 34
38 35
38 36
38 37
39 0
39 1
39 2
39 5
39 6
39 9
39 10
39 14
39 16
39 17
39 18
39 21
39 22
39 23
39 24
39 25
39 27
39 29
39 30
39 31
39 32
39 33
39 35
39 37
