40 120
2 0
2 1
3 0
4 2
4 3
5 2
6 2
6 5
9 3
9 7
10 0
10 4
10 8
11 7
12 1
12 10
13 5
13 6
13 12
14 0
14 13
15 3
15 5
15 8
15 14
16 3
17 8
17 10
17 12
18 7
18 14
19 2
19 11
20 10
20 19
21 3
21 13
21 14
21 16
21 19
22 0
22 2
22 6
22 15
22 16
23 8
23 19
24 5
24 10
24 17
24 20
25 4
25 11
25 15
25 18
25 22
26 0
26 9
27 7
27 18
27 19
27 22
27 25
28 25
29 0
29 7
29 14
29 15
29 23
29 25
30 2
30 3
30 20
31 4
31 6
31 8
32 26
32 29
33 15
33 19
33 22
33 23
34 4
34 6
34 7
34 8
34 11
34 19
34 20
34 28
34 31
35 1
35 2
35 9
35 11
35 19
35 29
35 31
36 0
36 1
36 11
36 13
36 24
36 26
36 29
37 10
37 36
38 3
38 6
38 18
38 25
39 4
39 5
39 9
39 11
39 22
39 23
39 28
39 31
39 33
