40 120
5 2
6 4
7 2
8 7
9 6
10 3
10 4
10 6
11 0
11 7
12 10
12 11
13 0
13 2
13 4
14 6
14 9
14 13
15 8
16 6
16 7
16 9
18 0
18 3
19 7
19 9
19 16
19 18
20 0
20 9
21 0
21 5
21 11
22 1
22 8
22 10
22 12
22 17
23 0
23 9
23 12
24 5
24 6
24 11
24 19
25 0
26 6
26 8
26 12
26 13
26 18
27 4
27 8
27 13
27 19
27 20
28 7
28 8
28 10
28 11
28 20
28 25
29 2
29 9
29 24
29 25
30 10
30 19
30 22
30 28
31 1
31 6
31 8
31 9
31 13
31 18
31 30
32 13
32 17
33 4
33 25
34 0
34 1
34 12
34 15
34 20
34 24
34 29
35 1
35 5
35 6
35 29
36 14
36 25
36 30
37 12
37 15
37 16
37 25
37 28
37 29
37 31
37 33
38 0
38 8
38 10
38 12
38 16
38 21
38 23
38 25
38 26
38 27
38 34
39 2
39 16
39 27
39 28
39 32
39 34
