50 150
3 1
5 0
7 6
8 1
8 4
10 5
11 4
12 3
13 0
14 4
14 7
15 6
15 9
16 8
17 7
18 3
18 9
19 2
19 5
19 10
19 13
20 0
20 11
20 19
21 2
21 15
21 17
21 19
22 4
22 10
22 12
23 2
23 7
23 13
23 22
24 1
24 6
24 11
24 13
24 15
25 6
25 8
25 12
25 13
25 19
25 21
26 22
27 4
27 22
27 24
27 25
28 11
28 14
28 17
28 18
28 27
29 2
29 5
29 7
29 28
30 5
30 10
31 8
31 13
31 21
32 18
32 20
32 26
32 29
33 7
33 11
33 25
33 31
34 6
34 11
34 14
34 16
34 18
34 24
34 27
35 1
35 13
35 14
35 23
35 31
36 0
36 8
36 11
36 12
36 18
37 8
37 17
37 28
37 30
38 13
38 30
38 31
38 36
38 37
39 9
39 22
39 31
39 37
40 20
40 25
40 31
41 10
41 25
41 31
42 6
42 11
42 12
42 14
43 2
43 9
43 12
43 26
44 11
44 36
45 5
45 16
45 30
45 31
45 37
45 38
46 17
46 19
46 20
46 29
46 30
46 34
47 12
47 36
47 38
47 45
48 0
48 7
48 15
48 25
48 28
48 32
48 39
48 44
48 46
49 0
49 12
49 14
49 24
49 28
49 36
