30 261
1 0
2 0
3 0
3 2
5 0
5 2
5 4
6 0
6 3
6 4
6 5
7 0
7 1
7 2
7 3
8 1
8 2
8 3
8 4
8 5
8 6
9 1
9 2
9 3
9 4
9 5
9 6
9 7
10 0
10 1
10 2
10 3
10 5
10 8
10 9
11 0
11 1
11 4
11 5
11 7
11 8
11 10
12 0
12 1
12 3
12 4
12 5
12 6
12 9
12 10
12 11
13 0
13 1
13 2
13 3
13 5
13 7
13 8
13 9
13 11
13 12
14 0
14 3
14 4
14 6
14 7
14 8
14 10
14 11
14 13
15 3
15 4
15 5
15 8
15 9
15 10
15 13
15 14
16 0
16 1
16 2
16 6
16 8
16 13
16 14
17 2
17 3
17 4
17 5
17 7
17 10
17 11
17 14
17 15
17 16
18 1
18 2
18 3
18 4
18 6
18 7
18 8
18 11
18 13
18 14
18 17
19 0
19 2
19 4
19 5
19 6
19 7
19 8
19 9
19 10
19 12
19 13
19 14
19 15
19 17
20 0
20 1
20 4
20 5
20 8
20 9
20 12
20 15
20 17
20 18
20 19
21 0
21 1
21 3
21 4
21 5
21 7
21 8
21 9
21 11
21 12
21 14
21 17
21 20
22 0
22 1
22 3
22 4
22 5
22 8
22 9
22 10
22 11
22 12
22 13
22 14
22 20
22 21
23 1
23 2
23 3
23 6
23 7
23 8
23 9
23 11
23 12
23 14
23 15
23 18
23 21
23 22
24 1
24 2
24 3
24 4
24 5
24 8
24 13
24 15
24 16
24 17
24 18
24 20
24 22
25 0
25 2
25 3
25 5
25 6
25 7
25 8
25 9
25 10
25 14
25 21
25 24
26 0
26 1
26 4
26 5
26 7
26 9
26 10
26 11
26 16
26 17
26 19
26 20
26 21
26 25
27 1
27 4
27 5
27 6
27 7
27 8
27 9
27 11
27 12
27 15
27 16
27 19
27 25
27 26
28 1
28 5
28 7
28 10
28 11
28 13
28 14
28 17
28 18
28 20
28 21
28 22
28 23
28 24
28 26
29 0
29 1
29 2
29 3
29 4
29 5
29 6
29 7
29 9
29 10
29 11
29 14
29 15
29 16
29 17
29 19
29 22
29 24
29 25
29 26
29 27
