20 114
1 0
2 0
2 1
3 1
3 2
5 1
5 3
5 4
6 1
6 3
6 4
7 1
7 3
7 4
7 5
8 1
8 3
8 4
8 5
8 6
9 0
9 4
9 5
9 6
9 7
9 8
10 2
10 3
10 5
10 6
10 7
10 8
10 9
11 0
11 2
11 3
11 5
11 6
11 7
11 8
12 0
12 1
12 2
12 3
12 4
12 5
12 6
12 8
12 11
13 0
13 1
13 2
13 3
13 5
13 7
13 8
13 12
14 2
14 5
14 6
14 7
14 10
14 11
14 13
15 1
15 2
15 3
15 4
15 5
15 6
15 8
15 11
15 13
16 0
16 1
16 2
16 3
16 4
16 5
16 9
16 10
16 11
16 13
16 15
17 0
17 3
17 4
17 5
17 6
17 7
17 8
17 12
17 13
17 14
17 15
17 16
18 3
18 4
18 9
18 10
18 11
18 12
18 13
18 14
19 0
19 7
19 8
19 9
19 10
19 11
19 12
19 13
19 15
19 16
