30 130
1 0
3 0
4 0
4 2
5 3
6 1
7 0
7 3
8 0
8 3
8 4
8 5
9 3
9 4
9 5
10 0
10 2
10 6
10 7
10 9
11 1
11 3
11 6
11 10
12 6
12 7
12 9
13 2
13 4
13 8
13 10
13 11
14 6
14 13
15 0
15 1
15 10
16 2
16 13
16 14
17 2
17 3
17 6
17 7
17 9
17 13
17 16
18 1
18 2
18 9
18 10
18 11
18 12
18 15
18 16
19 5
19 8
19 14
19 17
20 2
20 4
20 13
20 15
20 17
21 0
21 4
21 5
21 8
21 9
21 12
21 16
21 17
21 18
22 0
22 9
22 13
22 17
22 18
23 2
23 3
23 7
23 8
23 10
23 12
24 0
24 1
24 6
24 11
24 15
24 21
24 23
25 10
25 13
25 15
25 17
25 19
25 21
25 24
26 10
26 11
26 16
26 17
26 25
27 5
27 6
27 10
27 11
27 14
27 20
27 23
27 25
28 1
28 2
28 4
28 5
28 7
28 11
28 16
28 19
28 21
28 22
28 25
28 26
29 1
29 10
29 13
29 15
29 17
29 25
29 28
