50 367
5 2
5 3
6 2
6 4
6 5
7 1
7 5
9 2
9 5
9 8
10 7
11 1
11 6
11 7
11 8
12 0
12 2
12 3
12 4
12 6
12 11
13 2
13 4
13 5
13 9
13 11
14 0
14 1
14 4
14 5
14 6
14 10
14 12
15 0
15 6
15 10
15 11
15 12
15 14
16 1
16 2
16 8
16 14
17 4
17 16
18 2
18 3
18 14
19 7
19 8
19 11
19 16
20 5
20 15
20 16
20 18
21 8
21 11
21 13
22 11
22 12
22 13
22 17
23 0
23 7
23 11
23 18
23 20
24 0
24 2
24 6
24 8
24 11
24 16
25 1
25 4
25 6
25 7
25 11
25 16
25 17
26 0
26 4
26 5
26 11
26 13
26 16
26 17
26 20
26 23
27 3
27 5
27 6
27 8
27 11
27 12
27 14
27 21
27 25
27 26
28 0
28 1
28 3
28 4
28 5
28 6
28 7
28 8
28 9
28 11
28 12
28 13
28 14
28 19
28 20
29 0
29 1
29 5
29 7
29 13
29 15
29 16
29 17
29 18
29 22
29 23
29 25
30 0
30 1
30 5
30 6
30 7
30 9
30 10
30 12
30 21
30 24
30 26
30 27
31 0
31 11
31 20
32 2
32 5
32 6
32 11
32 16
32 23
32 26
32 29
32 30
33 1
33 3
33 9
33 10
33 12
33 13
33 17
33 19
33 20
33 21
33 22
33 26
33 28
33 29
33 31
34 1
34 6
34 10
34 11
34 18
34 20
34 23
34 24
34 25
34 27
34 28
34 30
35 1
35 4
35 6
35 9
35 17
35 20
35 21
35 22
35 23
35 25
35 27
35 32
36 0
36 10
36 11
36 12
36 17
36 21
36 23
36 26
36 27
36 28
36 29
36 30
36 31
36 35
37 0
37 3
37 7
37 10
37 12
37 15
37 19
37 23
37 24
37 33
38 2
38 3
38 6
38 8
38 19
38 20
38 28
39 1
39 3
39 6
39 8
39 9
39 11
39 12
39 15
39 23
39 28
39 29
39 33
39 36
40 0
40 5
40 9
40 19
40 23
40 30
40 31
40 32
40 33
40 34
40 35
40 36
40 37
40 39
41 4
41 6
41 7
41 8
41 9
41 11
41 16
41 22
41 24
41 27
41 39
41 40
42 0
42 4
42 5
42 6
42 12
42 13
42 15
42 17
42 20
42 21
42 23
42 26
42 28
42 30
42 31
42 35
42 37
42 38
42 41
43 2
43 4
43 6
43 10
43 11
43 18
43 30
43 31
43 32
43 36
43 37
43 40
44 8
44 10
44 18
44 20
44 21
44 23
44 26
44 29
44 33
44 34
44 35
45 0
45 3
45 4
45 6
45 9
45 13
45 18
45 20
45 23
45 28
45 30
45 33
45 34
45 37
45 39
45 40
46 0
46 2
46 3
46 5
46 6
46 11
46 14
46 19
46 21
46 22
46 23
46 26
46 32
46 35
46 39
46 43
47 0
47 4
47 11
47 12
47 14
47 28
47 32
47 39
47 41
47 42
48 0
48 1
48 2
48 6
48 10
48 12
48 18
48 22
48 23
48 29
48 33
48 38
48 45
48 46
49 2
49 4
49 10
49 19
49 26
49 30
49 39
49 42
49 46
