40 234
4 0
4 2
4 3
5 3
6 1
6 2
6 4
7 1
7 2
7 3
7 5
8 2
8 5
9 2
9 5
9 7
10 3
10 5
11 3
11 4
11 7
11 9
12 0
12 1
12 2
12 5
13 2
13 6
13 8
13 9
14 3
14 5
14 6
14 7
14 10
14 11
15 0
15 2
15 6
15 11
15 12
15 13
16 1
16 3
16 5
16 6
16 7
16 9
17 0
17 2
17 3
17 9
17 11
17 13
17 14
18 1
18 3
18 5
18 7
19 0
19 4
19 6
19 7
19 10
19 12
20 1
20 13
20 16
20 18
21 1
21 3
21 5
21 7
21 8
21 9
21 12
21 17
22 0
22 3
22 7
22 11
23 11
23 14
23 16
23 18
23 19
23 21
23 22
24 0
24 7
24 8
24 9
24 10
24 14
24 18
24 21
24 22
24 23
25 2
25 5
25 7
25 8
25 12
25 17
25 22
25 23
26 2
26 8
26 10
26 18
26 20
27 2
27 6
27 8
27 13
27 18
27 21
27 25
28 2
28 8
28 9
28 11
28 13
28 14
28 15
28 16
28 18
28 19
28 20
28 21
29 11
29 20
29 21
29 22
30 0
30 1
30 2
30 4
30 7
30 9
30 10
30 17
30 19
30 22
30 24
31 1
31 6
31 8
31 15
31 16
31 17
31 23
31 24
31 26
31 28
31 30
32 1
32 4
32 6
32 9
32 13
32 16
32 19
32 20
32 25
32 29
33 1
33 13
33 15
33 17
33 19
33 25
33 26
33 30
33 31
34 0
34 3
34 4
34 6
34 8
34 9
34 12
34 13
34 19
34 29
34 33
35 1
35 7
35 9
35 11
35 12
35 16
35 19
35 24
35 25
35 29
35 33
36 4
36 5
36 11
36 13
36 18
36 20
36 21
36 22
36 24
36 29
37 6
37 9
37 13
37 15
37 20
37 22
37 23
37 32
38 0
38 8
38 10
38 12
38 13
38 22
38 27
38 28
38 33
39 0
39 2
39 7
39 8
39 17
39 21
39 25
39 26
39 34
39 36
