30 261
2 1
3 0
3 1
4 2
4 3
5 1
5 2
5 3
5 4
6 1
6 2
6 3
6 5
7 0
7 3
7 4
7 5
7 6
8 0
8 1
8 3
8 4
8 6
8 7
9 0
9 2
9 3
9 4
9 7
9 8
10 2
10 4
10 5
10 8
10 9
11 1
11 2
11 4
11 5
11 7
11 9
11 10
12 0
12 4
12 5
12 6
12 7
12 8
13 1
13 2
13 5
13 7
13 8
13 10
13 11
13 12
14 0
14 1
14 2
14 5
14 7
14 9
14 11
14 13
15 0
15 1
15 5
15 6
15 9
15 10
15 11
15 12
15 13
16 2
16 3
16 4
16 7
16 8
16 11
16 12
16 13
16 14
16 15
17 0
17 1
17 2
17 4
17 5
17 6
17 7
17 8
17 9
17 13
17 14
17 15
18 0
18 1
18 2
18 3
18 5
18 6
18 8
18 9
18 10
18 13
18 17
19 0
19 1
19 2
19 3
19 5
19 6
19 9
19 10
19 12
19 13
19 14
19 16
19 17
20 5
20 7
20 13
20 15
21 2
21 4
21 5
21 6
21 9
21 11
21 12
21 14
21 15
21 16
21 17
21 18
21 19
22 0
22 2
22 3
22 6
22 11
22 12
22 14
22 15
22 18
22 19
23 1
23 2
23 3
23 5
23 7
23 8
23 9
23 10
23 13
23 15
23 18
23 19
23 20
23 21
23 22
24 0
24 3
24 4
24 5
24 8
24 11
24 12
24 13
24 15
24 16
24 17
24 18
24 19
24 20
24 22
24 23
25 0
25 1
25 2
25 3
25 9
25 10
25 11
25 12
25 13
25 14
25 15
25 16
25 17
25 18
25 19
25 21
25 22
26 0
26 1
26 2
26 4
26 6
26 7
26 9
26 10
26 12
26 14
26 16
26 17
26 19
26 20
26 22
26 23
26 25
27 0
27 1
27 2
27 4
27 6
27 7
27 8
27 9
27 10
27 11
27 13
27 18
27 19
27 20
27 21
27 26
28 0
28 1
28 6
28 8
28 9
28 10
28 12
28 13
28 14
28 17
28 18
28 20
28 22
28 23
28 24
28 26
28 27
29 0
29 2
29 3
29 6
29 8
29 11
29 12
29 14
29 15
29 16
29 17
29 19
29 21
29 22
29 24
29 26
29 27
