50 735
1 0
2 1
3 0
3 1
4 0
4 2
5 0
5 2
5 3
5 4
6 1
6 2
6 3
6 4
6 5
7 1
7 3
7 5
7 6
8 3
8 4
8 5
8 6
8 7
9 0
9 1
9 4
9 5
9 6
9 7
10 0
10 1
10 2
10 3
10 5
10 6
10 8
10 9
11 3
11 6
11 7
11 9
11 10
12 0
12 1
12 3
12 7
12 10
12 11
13 0
13 1
13 3
13 5
13 6
13 8
13 9
13 10
13 12
14 0
14 1
14 3
14 4
14 5
14 8
14 9
14 12
15 2
15 3
15 4
15 6
15 8
15 11
15 12
15 14
16 0
16 3
16 4
16 6
16 12
16 14
16 15
17 3
17 5
17 6
17 7
17 9
17 10
17 11
17 12
17 13
17 14
18 1
18 2
18 3
18 4
18 5
18 6
18 8
18 9
18 14
18 16
19 0
19 2
19 4
19 8
19 10
19 11
19 12
19 13
19 14
19 15
19 17
20 0
20 1
20 2
20 3
20 6
20 7
20 8
20 9
20 11
20 12
20 14
20 15
20 16
20 17
20 19
21 1
21 4
21 8
21 9
21 11
21 13
21 14
21 15
21 16
21 17
21 20
22 2
22 4
22 5
22 7
22 9
22 10
22 11
22 13
22 14
22 16
22 17
22 19
22 20
22 21
23 0
23 1
23 2
23 3
23 4
23 7
23 8
23 9
23 10
23 12
23 13
23 14
23 15
23 16
23 20
24 2
24 5
24 6
24 8
24 10
24 11
24 12
24 14
24 15
24 16
24 17
24 19
24 20
24 22
25 0
25 1
25 2
25 3
25 4
25 5
25 6
25 8
25 9
25 11
25 12
25 13
25 15
25 18
25 19
25 20
25 22
26 1
26 2
26 3
26 5
26 6
26 8
26 9
26 13
26 14
26 15
26 16
26 17
26 18
26 19
26 20
26 22
26 23
27 0
27 1
27 3
27 4
27 5
27 6
27 7
27 9
27 10
27 11
27 13
27 15
27 16
27 18
27 19
27 20
27 21
27 22
27 23
27 24
27 25
28 2
28 3
28 4
28 5
28 7
28 8
28 9
28 10
28 11
28 13
28 14
28 15
28 16
28 19
28 20
28 21
28 22
28 23
28 24
28 25
28 27
29 0
29 1
29 3
29 4
29 5
29 7
29 9
29 12
29 13
29 14
29 19
29 20
29 27
29 28
30 1
30 5
30 7
30 8
30 10
30 11
30 13
30 16
30 20
30 23
30 24
30 25
30 26
30 27
30 29
31 1
31 2
31 3
31 4
31 6
31 7
31 8
31 9
31 12
31 13
31 14
31 16
31 18
31 19
31 20
31 21
31 25
31 26
31 27
31 30
32 1
32 3
32 4
32 8
32 9
32 11
32 12
32 13
32 15
32 16
32 17
32 21
32 22
32 24
32 25
32 28
32 29
32 30
32 31
33 0
33 1
33 3
33 4
33 6
33 7
33 12
33 14
33 19
33 20
33 21
33 22
33 23
33 24
33 26
33 28
33 30
34 0
34 1
34 4
34 5
34 8
34 10
34 11
34 12
34 13
34 15
34 16
34 17
34 18
34 20
34 23
34 24
34 25
34 26
34 27
34 28
34 30
34 31
35 0
35 1
35 4
35 5
35 8
35 9
35 10
35 11
35 13
35 14
35 15
35 16
35 17
35 18
35 20
35 21
35 22
35 26
35 28
35 31
35 32
35 33
36 0
36 3
36 4
36 5
36 10
36 13
36 15
36 16
36 17
36 20
36 22
36 23
36 24
36 27
36 29
36 30
36 31
36 32
36 34
36 35
37 0
37 1
37 3
37 4
37 5
37 6
37 7
37 9
37 10
37 13
37 16
37 20
37 21
37 23
37 25
37 26
37 28
37 29
37 30
37 31
37 32
37 33
37 35
37 36
38 3
38 4
38 5
38 6
38 9
38 12
38 15
38 17
38 18
38 19
38 20
38 21
38 22
38 23
38 24
38 27
38 28
38 29
38 31
38 32
38 33
38 34
39 0
39 1
39 2
39 6
39 7
39 8
39 9
39 10
39 12
39 13
39 14
39 15
39 16
39 20
39 21
39 22
39 24
39 25
39 26
39 27
39 28
39 31
39 33
39 35
39 36
40 0
40 1
40 2
40 3
40 4
40 6
40 8
40 10
40 12
40 13
40 14
40 16
40 17
40 18
40 20
40 21
40 22
40 23
40 25
40 26
40 29
40 31
40 32
40 33
40 34
40 38
40 39
41 3
41 4
41 5
41 7
41 8
41 9
41 12
41 14
41 15
41 17
41 20
41 21
41 23
41 24
41 29
41 30
41 32
41 34
41 39
42 0
42 1
42 2
42 3
42 4
42 7
42 8
42 9
42 11
42 12
42 14
42 16
42 17
42 18
42 19
42 23
42 25
42 29
42 31
42 32
42 34
42 36
42 37
42 39
42 41
43 0
43 4
43 5
43 6
43 10
43 11
43 12
43 14
43 15
43 16
43 18
43 19
43 20
43 21
43 24
43 27
43 28
43 30
43 32
43 34
43 35
43 36
43 41
43 42
44 0
44 1
44 2
44 3
44 6
44 7
44 9
44 10
44 11
44 12
44 17
44 19
44 21
44 23
44 24
44 26
44 27
44 29
44 30
44 31
44 32
44 33
44 34
44 36
44 38
44 39
44 43
45 0
45 1
45 2
45 5
45 6
45 8
45 9
45 11
45 12
45 13
45 16
45 17
45 18
45 19
45 21
45 25
45 26
45 27
45 28
45 29
45 30
45 33
45 34
45 37
45 39
45 41
45 44
46 1
46 2
46 4
46 10
46 12
46 13
46 14
46 16
46 19
46 21
46 26
46 28
46 30
46 33
46 34
46 35
46 36
46 37
46 38
46 42
46 44
46 45
47 0
47 1
47 2
47 4
47 5
47 6
47 7
47 11
47 12
47 14
47 15
47 16
47 17
47 19
47 21
47 22
47 23
47 24
47 25
47 27
47 28
47 30
47 33
47 34
47 36
47 38
47 40
47 42
47 45
48 3
48 4
48 6
48 10
48 11
48 12
48 13
48 14
48 15
48 16
48 17
48 19
48 22
48 23
48 25
48 26
48 28
48 30
48 31
48 33
48 36
48 39
48 42
48 44
48 45
49 0
49 1
49 2
49 4
49 5
49 6
49 7
49 8
49 11
49 12
49 14
49 15
49 16
49 17
49 18
49 19
49 21
49 22
49 23
49 24
49 29
49 30
49 32
49 33
49 35
49 36
49 38
49 39
49 40
49 41
49 42
49 45
49 46
