30 130
1 0
3 0
4 3
5 1
6 4
7 4
8 0
8 1
8 2
8 3
9 6
9 8
10 3
10 4
10 5
10 7
10 8
11 0
11 4
12 0
12 5
12 9
13 2
13 3
13 6
13 7
13 8
13 10
13 12
14 6
14 10
15 0
15 3
15 5
15 12
16 2
16 7
16 8
16 9
16 15
17 0
17 2
17 3
17 5
17 8
17 11
17 12
17 14
18 0
18 1
18 2
18 5
18 7
18 10
18 14
19 0
19 1
19 3
19 9
19 10
19 11
19 12
19 16
19 17
20 0
20 1
20 3
20 6
20 12
20 17
20 19
21 0
21 1
21 2
21 6
21 9
21 16
21 18
21 20
22 4
22 11
22 13
22 18
22 19
23 5
23 9
23 11
23 16
23 18
23 19
23 20
23 22
24 1
24 2
24 3
24 5
24 6
24 7
24 8
24 11
24 14
24 18
25 8
25 11
25 14
25 15
25 17
26 1
26 4
26 14
26 15
27 0
27 2
27 6
27 9
27 11
27 14
27 15
28 1
28 3
28 8
28 10
28 26
29 3
29 10
29 11
29 13
29 18
29 19
29 28
