50 150
4 3
5 1
5 3
6 4
8 6
10 3
10 5
10 9
11 9
11 10
12 1
13 4
14 3
15 9
16 2
17 4
17 16
18 7
18 8
18 9
18 14
18 16
19 6
19 8
19 17
20 4
20 19
21 4
21 15
21 18
22 14
23 4
23 13
23 14
23 20
24 6
24 10
24 16
24 22
25 7
25 10
25 12
25 19
25 22
26 20
27 5
27 20
27 22
27 25
28 14
28 17
28 21
29 23
30 5
30 14
30 18
30 23
31 8
31 22
32 11
32 26
33 6
33 9
33 14
33 32
34 4
34 16
34 30
35 7
35 16
35 19
35 20
35 25
36 7
36 8
36 17
36 23
36 27
36 34
37 10
37 25
37 33
37 34
38 0
38 11
38 19
38 20
38 23
38 27
38 31
39 17
39 37
40 2
40 5
40 8
40 29
41 1
41 22
41 23
41 32
42 0
42 4
42 9
42 13
42 19
42 21
42 29
42 38
43 8
43 13
43 17
44 9
44 12
44 14
44 17
44 24
44 27
44 35
45 0
45 2
45 8
45 11
45 14
45 24
46 1
46 16
46 18
46 35
46 40
46 43
47 0
47 22
47 42
47 43
48 1
48 2
48 13
48 18
48 34
48 38
49 2
49 4
49 7
49 11
49 22
49 23
49 27
49 40
49 42
49 43
