30 261
1 0
2 0
3 1
3 2
4 0
4 2
5 2
5 3
5 4
6 1
6 2
6 3
7 0
7 1
7 2
7 5
7 6
8 0
8 1
8 2
8 4
8 5
8 6
9 0
9 1
9 2
9 3
9 4
9 6
10 1
10 2
10 3
10 4
10 6
10 7
10 8
11 0
11 1
11 2
11 5
11 7
11 9
11 10
12 1
12 2
12 3
12 4
12 5
12 6
12 9
12 10
13 0
13 1
13 3
13 4
13 7
13 10
13 12
14 0
14 1
14 2
14 3
14 4
14 6
14 7
14 8
14 13
15 3
15 5
15 6
15 7
15 10
15 14
16 0
16 3
16 5
16 6
16 7
16 9
16 11
16 12
16 13
16 14
17 4
17 5
17 7
17 8
17 10
17 11
17 12
17 13
17 14
17 15
17 16
18 2
18 4
18 5
18 7
18 8
18 9
18 14
18 15
19 0
19 1
19 5
19 6
19 10
19 11
19 12
19 13
19 16
19 18
20 0
20 1
20 2
20 3
20 5
20 6
20 8
20 11
20 13
20 14
20 15
20 16
20 17
21 1
21 2
21 3
21 5
21 9
21 12
21 14
21 15
21 17
21 18
21 19
22 0
22 2
22 3
22 4
22 5
22 9
22 12
22 13
22 14
22 16
22 17
22 18
22 19
22 20
22 21
23 1
23 3
23 4
23 6
23 7
23 9
23 10
23 11
23 12
23 13
23 14
23 15
23 17
23 19
23 20
23 22
24 1
24 3
24 6
24 9
24 11
24 13
24 14
24 15
24 17
24 18
24 19
24 20
24 22
25 0
25 1
25 2
25 3
25 4
25 5
25 6
25 7
25 11
25 12
25 13
25 15
25 16
25 17
25 18
25 20
25 21
25 22
25 23
26 0
26 2
26 3
26 5
26 6
26 9
26 10
26 11
26 12
26 14
26 16
26 18
26 21
26 22
26 23
26 25
27 1
27 3
27 4
27 5
27 17
27 21
27 23
27 24
27 25
27 26
28 2
28 3
28 5
28 6
28 7
28 9
28 11
28 13
28 14
28 15
28 16
28 17
28 19
28 23
28 24
28 25
28 27
29 0
29 2
29 3
29 4
29 5
29 6
29 9
29 11
29 12
29 13
29 16
29 21
29 22
29 23
29 24
29 25
29 26
29 27
29 28
