40 120
3 2
5 2
5 3
7 3
7 6
8 2
8 6
9 0
10 4
11 0
12 4
12 5
12 8
12 11
13 5
14 0
14 2
14 3
14 7
14 9
15 3
15 5
17 1
17 4
17 9
19 3
19 5
19 12
19 16
19 18
20 2
20 7
21 1
21 2
21 3
21 14
21 17
21 19
23 0
23 7
23 12
23 15
23 20
23 22
24 6
24 7
24 13
24 21
25 2
25 7
25 17
26 0
26 16
26 19
26 20
27 4
27 10
27 13
27 15
27 19
27 23
28 7
28 16
28 17
28 19
28 25
28 27
29 1
29 18
30 11
30 16
30 22
30 26
31 3
32 6
32 9
32 17
32 24
33 4
33 16
33 18
33 21
33 28
33 30
34 3
34 7
34 9
34 10
34 13
34 15
34 29
34 32
34 33
35 8
35 15
35 34
36 2
36 10
36 26
36 28
36 32
36 33
36 34
37 8
37 9
37 15
37 20
37 21
37 26
37 33
38 0
38 18
38 21
38 27
39 17
39 18
39 21
39 23
39 34
39 37
