40 468
1 0
2 0
4 0
4 2
4 3
5 0
5 1
5 2
6 0
6 2
6 3
6 4
6 5
7 0
7 3
7 4
7 6
8 0
8 1
8 3
8 5
8 6
9 1
9 3
9 4
9 7
10 0
10 1
10 3
10 4
10 6
10 8
10 9
11 1
11 2
11 3
11 5
11 7
11 9
11 10
12 0
12 1
12 3
12 4
12 6
12 7
12 8
12 11
13 1
13 2
13 3
13 4
13 5
13 6
13 7
13 8
13 9
14 0
14 1
14 3
14 7
14 9
14 11
14 13
15 0
15 3
15 4
15 5
15 6
15 8
15 10
15 14
16 1
16 3
16 4
16 7
16 8
16 11
16 13
16 14
16 15
17 0
17 1
17 2
17 4
17 5
17 6
17 7
17 8
17 10
17 11
17 14
17 15
18 1
18 2
18 4
18 6
18 8
18 9
18 11
18 14
18 16
18 17
19 0
19 1
19 2
19 3
19 5
19 7
19 12
19 14
19 15
19 18
20 0
20 3
20 4
20 5
20 6
20 8
20 9
20 11
20 13
20 14
20 16
20 17
21 0
21 3
21 5
21 6
21 7
21 8
21 9
21 10
21 11
21 12
21 15
21 16
21 18
21 19
22 1
22 3
22 5
22 6
22 7
22 9
22 10
22 11
22 12
22 14
22 15
22 16
22 17
22 18
22 21
23 1
23 2
23 4
23 5
23 7
23 8
23 10
23 12
23 13
23 14
23 15
23 16
23 19
23 20
23 21
23 22
24 0
24 1
24 2
24 4
24 7
24 10
24 11
24 13
24 14
24 15
24 16
24 19
24 20
24 21
24 23
25 0
25 1
25 3
25 4
25 7
25 8
25 10
25 12
25 13
25 15
25 19
25 20
25 23
25 24
26 0
26 1
26 5
26 9
26 12
26 13
26 14
26 17
26 18
26 19
26 20
26 23
26 24
26 25
27 0
27 1
27 2
27 3
27 4
27 5
27 8
27 9
27 11
27 12
27 15
27 18
27 20
27 21
27 22
27 23
27 26
28 0
28 1
28 2
28 3
28 4
28 6
28 8
28 9
28 10
28 11
28 13
28 15
28 16
28 17
28 18
28 20
28 21
28 22
28 23
28 24
28 26
29 2
29 3
29 4
29 5
29 6
29 7
29 9
29 12
29 13
29 15
29 16
29 17
29 18
29 20
29 23
29 24
29 25
29 26
29 28
30 1
30 2
30 4
30 6
30 7
30 9
30 12
30 13
30 14
30 19
30 20
30 23
30 24
30 25
30 26
30 29
31 1
31 3
31 4
31 5
31 7
31 9
31 10
31 11
31 13
31 14
31 17
31 18
31 20
31 25
31 27
31 28
31 29
32 0
32 1
32 3
32 4
32 5
32 8
32 11
32 14
32 15
32 19
32 21
32 23
32 28
32 29
32 30
32 31
33 0
33 1
33 3
33 4
33 6
33 8
33 9
33 10
33 11
33 13
33 15
33 17
33 18
33 19
33 20
33 21
33 22
33 24
33 25
33 29
33 30
33 32
34 0
34 1
34 10
34 12
34 16
34 17
34 19
34 24
34 25
34 26
34 28
34 31
34 32
35 0
35 2
35 3
35 4
35 6
35 8
35 9
35 10
35 11
35 12
35 14
35 16
35 17
35 18
35 19
35 20
35 21
35 22
35 25
35 26
35 27
35 28
35 30
35 32
35 33
35 34
36 0
36 1
36 2
36 3
36 4
36 5
36 7
36 9
36 11
36 12
36 15
36 18
36 19
36 22
36 23
36 24
36 26
36 28
36 29
36 30
36 32
36 33
36 34
36 35
37 1
37 2
37 4
37 6
37 7
37 10
37 11
37 14
37 17
37 18
37 19
37 20
37 22
37 23
37 24
37 27
37 29
37 30
37 31
37 32
37 33
37 34
37 35
37 36
38 1
38 2
38 3
38 4
38 9
38 11
38 12
38 14
38 16
38 17
38 19
38 20
38 27
38 29
38 31
38 32
38 34
38 36
38 37
39 1
39 2
39 4
39 6
39 7
39 9
39 10
39 11
39 13
39 14
39 16
39 17
39 20
39 21
39 22
39 23
39 25
39 26
39 29
39 30
39 35
