30 261
1 0
2 0
2 1
3 0
3 1
3 2
4 2
5 0
5 1
5 2
5 3
5 4
6 0
6 1
6 2
6 3
6 5
7 2
7 4
7 6
8 0
8 1
8 2
8 3
8 4
8 6
9 1
9 7
9 8
10 1
10 2
10 5
10 7
10 8
11 3
11 4
11 5
11 8
11 9
11 10
12 0
12 3
12 4
12 6
12 8
12 9
12 10
13 1
13 2
13 4
13 5
13 7
13 11
13 12
14 0
14 2
14 4
14 5
14 7
14 8
14 9
14 10
14 12
14 13
15 3
15 4
15 6
15 7
15 10
15 11
15 12
16 0
16 3
16 4
16 5
16 6
16 8
16 12
16 13
16 14
16 15
17 3
17 7
17 8
17 9
17 10
17 11
17 13
17 15
17 16
18 3
18 4
18 6
18 7
18 8
18 10
18 11
18 13
18 14
18 15
18 16
19 0
19 3
19 4
19 5
19 6
19 9
19 10
19 11
19 12
19 15
19 16
19 17
20 0
20 1
20 3
20 4
20 5
20 6
20 7
20 8
20 9
20 10
20 11
20 12
20 14
20 17
21 4
21 5
21 7
21 9
21 10
21 11
21 12
21 13
21 14
21 15
21 16
21 17
21 18
21 20
22 1
22 4
22 5
22 6
22 8
22 10
22 11
22 13
22 14
22 18
22 19
22 20
22 21
23 0
23 1
23 2
23 4
23 5
23 6
23 7
23 8
23 11
23 15
23 17
23 18
23 19
23 20
23 21
23 22
24 1
24 3
24 6
24 7
24 10
24 12
24 14
24 15
24 17
24 18
24 19
24 21
24 22
24 23
25 0
25 1
25 3
25 4
25 5
25 6
25 8
25 10
25 13
25 14
25 16
25 17
25 19
25 21
25 22
25 23
25 24
26 2
26 3
26 4
26 7
26 10
26 11
26 14
26 15
26 17
26 18
26 19
26 24
26 25
27 1
27 2
27 3
27 4
27 5
27 6
27 7
27 9
27 11
27 12
27 13
27 16
27 18
27 21
27 23
27 24
27 25
27 26
28 1
28 2
28 3
28 4
28 6
28 11
28 12
28 15
28 17
28 18
28 20
28 21
28 22
28 26
29 2
29 4
29 7
29 10
29 13
29 14
29 16
29 18
29 19
29 20
29 21
29 25
29 26
29 27
29 28
