50 367
3 2
4 0
4 1
4 3
5 0
6 0
6 1
6 4
7 4
7 6
9 3
9 7
10 0
10 1
10 3
10 4
11 1
11 2
11 5
11 9
12 0
12 3
13 2
13 4
13 5
13 8
13 9
13 10
14 2
14 3
14 6
14 8
14 11
15 4
15 10
15 13
16 5
16 6
16 10
16 12
16 15
17 1
17 2
17 9
17 13
17 14
17 15
17 16
18 0
18 1
18 3
18 6
18 11
18 13
18 16
18 17
19 3
19 4
19 8
19 10
20 3
20 4
20 7
20 9
20 18
21 0
21 4
21 5
21 10
21 12
21 13
21 14
21 17
22 3
22 4
22 6
22 7
22 9
22 10
22 14
22 15
22 17
22 20
22 21
23 2
23 3
23 4
23 8
23 13
23 17
23 18
23 22
24 0
24 1
24 2
24 4
24 6
24 10
24 15
24 19
24 21
24 23
25 0
25 5
25 6
25 8
25 10
25 15
25 18
26 1
26 4
26 11
26 12
26 15
26 16
26 19
27 1
27 4
27 7
27 9
27 11
27 16
27 20
27 24
28 1
28 11
28 14
28 16
28 17
28 19
28 23
29 5
29 6
29 9
29 13
29 28
30 3
30 8
30 11
30 14
30 19
30 21
30 26
30 27
31 1
31 3
31 9
31 17
31 20
31 21
31 23
31 24
31 25
31 28
31 29
32 0
32 1
32 11
32 14
32 17
32 18
32 19
32 21
32 22
32 26
33 5
33 6
33 9
33 11
33 13
33 16
33 17
33 18
33 20
33 23
33 26
33 27
33 32
34 0
34 3
34 4
34 8
34 10
34 32
35 1
35 5
35 6
35 11
35 19
35 24
35 28
35 32
35 34
36 0
36 1
36 2
36 8
36 16
36 18
36 20
36 22
36 26
36 33
37 1
37 13
37 14
37 15
37 18
37 25
37 26
37 27
37 29
37 31
38 0
38 2
38 3
38 5
38 14
38 15
38 18
38 27
38 32
38 35
38 37
39 2
39 3
39 7
39 9
39 11
39 15
39 19
39 22
39 23
39 26
40 3
40 5
40 7
40 8
40 11
40 12
40 14
40 15
40 18
40 19
40 25
40 30
40 39
41 6
41 7
41 10
41 11
41 13
41 15
41 16
41 23
41 25
41 28
41 29
41 30
41 34
41 35
41 38
41 39
41 40
42 0
42 1
42 2
42 7
42 8
42 10
42 11
42 12
42 15
42 18
42 25
42 27
42 32
42 33
43 12
43 16
43 19
43 20
43 21
43 22
43 29
43 33
43 34
43 35
43 37
44 1
44 5
44 6
44 7
44 8
44 9
44 12
44 18
44 19
44 25
44 27
44 39
44 40
44 41
45 3
45 7
45 12
45 15
45 19
45 25
45 33
45 34
45 36
46 3
46 5
46 8
46 9
46 12
46 13
46 20
46 21
46 25
46 28
46 30
46 31
46 39
46 42
47 6
47 8
47 12
47 17
47 19
47 20
47 21
47 22
47 36
47 37
47 45
47 46
48 8
48 9
48 10
48 12
48 13
48 14
48 15
48 17
48 18
48 19
48 20
48 21
48 28
48 35
48 37
48 39
48 41
48 43
48 44
49 2
49 16
49 17
49 25
49 28
49 29
49 36
49 39
49 40
49 41
