20 114
2 0
2 1
3 0
3 1
3 2
4 2
5 2
5 4
6 0
6 3
6 4
7 1
7 3
7 4
8 0
8 1
8 4
8 5
8 6
8 7
9 0
9 2
9 5
9 6
9 7
9 8
10 1
10 2
10 3
10 4
10 5
10 6
10 7
10 8
11 2
11 3
11 5
11 6
12 0
12 1
12 2
12 3
12 4
12 5
12 6
12 10
13 2
13 3
13 4
13 6
13 7
13 8
13 9
13 10
13 11
13 12
14 0
14 1
14 2
14 6
14 7
14 9
14 11
15 0
15 2
15 4
15 7
15 9
15 12
15 13
16 0
16 1
16 4
16 7
16 8
16 9
16 11
16 13
16 14
16 15
17 0
17 1
17 4
17 5
17 7
17 8
17 11
17 12
17 14
17 15
18 0
18 1
18 2
18 5
18 7
18 9
18 10
18 11
18 12
18 13
18 14
18 16
18 17
19 0
19 1
19 3
19 6
19 7
19 8
19 9
19 10
19 11
19 12
19 17
