40 234
2 1
4 1
5 0
5 2
5 3
6 1
6 3
7 0
7 1
7 5
8 3
8 5
8 6
9 1
9 5
9 7
9 8
10 5
10 8
10 9
11 2
12 0
12 1
12 4
12 6
12 11
13 0
13 1
13 3
13 9
13 10
13 12
14 13
15 3
15 5
15 6
15 7
15 8
15 10
16 0
16 1
16 6
16 12
16 15
17 2
17 5
17 6
17 14
18 0
18 1
18 17
19 0
19 1
19 2
19 5
19 6
19 11
19 12
19 15
19 16
20 0
20 9
20 10
20 12
21 0
21 1
21 3
21 4
21 8
21 11
21 13
21 17
21 19
22 1
22 2
22 10
22 11
22 13
22 14
22 16
23 2
23 3
23 6
23 16
23 18
23 20
24 1
24 2
24 8
24 11
24 15
24 16
24 17
24 19
25 0
25 2
25 4
25 5
25 6
25 10
25 15
25 17
25 19
25 20
25 21
26 3
26 6
26 10
26 20
27 0
27 3
27 5
27 7
27 10
27 15
27 20
28 1
28 2
28 6
28 9
28 10
28 13
28 16
28 17
28 21
28 27
29 1
29 3
29 4
29 7
29 10
29 11
29 28
30 1
30 2
30 3
30 5
30 12
30 14
30 15
30 23
30 25
30 28
30 29
31 4
31 5
31 9
31 10
31 11
31 13
31 17
31 18
31 20
31 24
31 29
32 1
32 5
32 9
32 15
32 17
32 22
32 25
32 28
32 30
33 9
33 10
33 12
33 13
33 15
33 16
33 18
33 22
33 24
33 25
33 28
33 31
33 32
34 8
34 13
34 18
34 20
34 23
34 24
34 31
35 0
35 4
35 9
35 15
35 16
35 17
35 21
35 22
35 31
35 34
36 2
36 3
36 10
36 18
36 19
36 21
36 22
36 23
36 24
36 30
37 0
37 6
37 8
37 20
37 25
37 26
37 27
37 28
37 31
37 34
38 3
38 4
38 7
38 9
38 10
38 17
38 20
38 22
38 27
38 29
38 31
38 32
38 36
39 4
39 7
39 9
39 12
39 23
39 33
39 36
