40 468
1 0
2 0
2 1
3 1
3 2
4 1
4 2
4 3
5 1
5 2
5 3
6 0
6 2
6 3
6 4
6 5
7 0
7 4
7 6
8 0
8 1
8 2
8 3
8 6
9 0
9 3
9 5
9 6
9 8
10 1
10 2
10 3
10 5
10 6
10 8
10 9
11 0
11 1
11 2
11 3
11 4
11 7
11 8
12 0
12 1
12 2
12 6
12 7
12 8
12 9
12 10
12 11
13 2
13 4
13 5
13 8
13 9
13 11
14 1
14 3
14 4
14 5
14 6
14 7
14 8
14 10
14 12
15 0
15 3
15 4
15 5
15 6
15 9
15 11
15 12
15 14
16 0
16 1
16 3
16 4
16 5
16 6
16 7
16 11
16 12
16 13
16 14
16 15
17 0
17 2
17 5
17 6
17 7
17 8
17 9
17 11
17 15
17 16
18 0
18 4
18 5
18 7
18 8
18 9
18 12
18 14
18 15
18 17
19 0
19 1
19 2
19 3
19 4
19 7
19 9
19 10
19 12
19 15
19 16
19 17
20 0
20 3
20 4
20 5
20 9
20 11
20 13
20 15
21 0
21 1
21 3
21 4
21 5
21 6
21 8
21 9
21 10
21 11
21 12
21 14
21 16
21 17
21 18
21 19
21 20
22 0
22 1
22 2
22 3
22 5
22 6
22 7
22 10
22 11
22 12
22 17
22 19
22 20
23 0
23 1
23 3
23 6
23 7
23 10
23 11
23 12
23 13
23 15
23 17
23 18
23 19
23 20
23 21
24 0
24 2
24 3
24 4
24 5
24 7
24 9
24 11
24 12
24 14
24 17
24 19
24 20
24 21
24 22
24 23
25 1
25 2
25 3
25 4
25 6
25 7
25 8
25 9
25 11
25 12
25 13
25 15
25 19
25 20
25 22
25 23
26 0
26 1
26 2
26 4
26 5
26 6
26 8
26 9
26 13
26 14
26 16
26 19
26 20
26 22
27 1
27 2
27 3
27 5
27 7
27 9
27 10
27 11
27 13
27 14
27 16
27 17
27 19
27 21
27 22
27 23
27 24
27 25
28 0
28 1
28 2
28 3
28 9
28 11
28 13
28 14
28 15
28 18
28 19
28 20
28 22
28 23
28 26
28 27
29 1
29 5
29 6
29 8
29 9
29 10
29 11
29 12
29 13
29 14
29 15
29 16
29 18
29 19
29 20
29 22
29 25
30 2
30 3
30 4
30 5
30 6
30 7
30 8
30 12
30 13
30 14
30 16
30 18
30 20
30 27
30 29
31 2
31 7
31 8
31 9
31 10
31 11
31 12
31 14
31 20
31 21
31 22
31 23
31 27
31 28
31 29
31 30
32 0
32 2
32 6
32 9
32 11
32 14
32 16
32 18
32 21
32 22
32 23
32 26
32 27
32 31
33 0
33 1
33 2
33 5
33 6
33 7
33 8
33 9
33 10
33 12
33 14
33 16
33 17
33 20
33 23
33 24
33 25
33 26
33 27
33 28
33 29
33 30
33 31
33 32
34 0
34 2
34 5
34 6
34 9
34 10
34 11
34 14
34 15
34 17
34 18
34 19
34 20
34 21
34 23
34 24
34 25
34 26
34 27
34 30
34 31
34 32
34 33
35 0
35 2
35 4
35 5
35 6
35 7
35 8
35 10
35 11
35 15
35 16
35 19
35 20
35 21
35 28
35 29
35 30
35 32
35 33
35 34
36 0
36 3
36 4
36 6
36 7
36 9
36 11
36 12
36 13
36 18
36 19
36 20
36 21
36 22
36 23
36 25
36 26
36 28
36 29
36 32
36 35
37 0
37 1
37 2
37 3
37 7
37 8
37 9
37 13
37 18
37 19
37 20
37 22
37 23
37 24
37 27
37 28
37 30
37 32
37 33
37 34
37 36
38 0
38 1
38 4
38 6
38 7
38 8
38 9
38 17
38 18
38 22
38 23
38 24
38 26
38 29
38 30
38 32
38 33
38 34
38 36
38 37
39 1
39 6
39 7
39 8
39 9
39 10
39 13
39 15
39 17
39 18
39 19
39 20
39 21
39 24
39 25
39 26
39 27
39 28
39 29
39 31
39 34
39 35
39 36
39 38
