50 150
1 0
4 3
5 2
7 4
10 1
10 6
11 9
12 6
12 10
13 2
13 9
14 1
14 2
14 4
14 6
15 2
15 8
16 3
17 3
17 15
18 14
18 16
19 0
19 14
20 10
20 18
21 15
21 18
22 1
22 4
22 18
22 20
23 6
23 12
23 15
24 12
24 21
24 22
25 14
25 17
25 23
26 5
26 9
26 13
27 10
28 11
28 18
28 25
29 1
29 3
29 19
29 22
29 23
30 2
30 14
30 25
31 3
31 19
31 21
31 29
32 3
32 12
32 14
32 20
32 22
32 23
32 29
33 11
33 27
34 14
35 0
35 22
35 24
35 26
35 29
35 34
36 7
36 8
36 11
36 13
36 27
37 5
37 7
37 14
37 16
37 21
37 22
38 30
38 37
39 14
39 23
39 36
40 10
41 2
41 40
42 2
42 3
42 8
42 18
42 21
42 27
42 31
42 32
42 35
42 41
43 1
43 8
43 14
43 17
43 21
43 29
43 32
44 9
44 24
44 30
44 34
44 38
44 41
45 4
45 11
45 14
45 20
45 37
45 42
46 10
46 11
46 22
46 27
46 34
46 43
47 13
47 27
47 29
48 11
48 17
48 19
48 25
48 30
48 35
48 41
48 45
48 46
49 6
49 7
49 12
49 18
49 24
49 28
49 33
49 42
