40 120
3 0
3 1
4 1
6 2
7 2
8 6
9 6
9 8
10 1
10 3
10 9
11 0
11 1
13 12
14 4
15 1
15 8
16 2
16 3
16 10
16 13
16 15
17 3
18 9
18 14
19 3
19 5
19 8
19 9
19 14
20 5
20 9
20 12
20 18
21 0
21 11
21 13
21 15
22 8
22 9
22 14
22 15
22 16
22 21
23 6
24 9
24 18
24 19
24 20
24 22
25 10
25 11
25 15
25 23
26 4
26 5
26 9
26 15
26 19
26 20
27 18
27 25
28 21
28 24
29 10
29 12
29 16
29 17
30 6
30 7
30 11
30 13
30 24
31 2
31 3
31 5
31 22
32 10
32 14
32 15
32 20
32 26
33 8
33 9
33 14
33 16
33 25
33 30
34 6
34 11
34 12
34 22
34 24
34 30
35 4
35 11
35 31
35 32
36 0
36 1
36 4
36 8
36 11
36 22
37 10
37 13
37 15
37 22
37 23
37 25
37 27
37 31
37 33
37 34
37 35
38 1
38 11
38 14
38 32
39 16
