20 114
3 0
3 2
4 0
4 2
5 0
5 1
5 2
5 3
6 0
6 2
6 3
6 4
6 5
7 0
7 1
7 2
7 3
7 4
7 5
8 2
8 3
8 4
8 6
8 7
9 0
9 1
9 7
10 0
10 1
10 3
10 4
10 7
10 8
10 9
11 1
11 4
11 8
11 9
12 0
12 1
12 3
12 4
12 5
12 6
12 8
12 9
12 11
13 5
13 6
13 10
13 11
14 1
14 3
14 4
14 6
14 7
14 11
14 13
15 0
15 1
15 2
15 3
15 4
15 5
15 6
15 7
15 8
15 9
15 11
16 0
16 2
16 3
16 5
16 6
16 7
16 9
16 10
16 11
16 12
16 13
17 3
17 4
17 5
17 6
17 7
17 8
17 10
17 14
18 0
18 1
18 3
18 4
18 5
18 6
18 7
18 9
18 11
18 12
18 13
18 15
19 0
19 1
19 2
19 4
19 5
19 6
19 7
19 8
19 10
19 11
19 12
19 13
19 15
19 17
