30 130
1 0
2 0
2 1
6 4
7 0
7 1
7 3
7 4
8 1
8 6
9 4
9 5
9 6
9 8
10 2
10 3
10 4
10 6
11 0
11 1
11 3
11 5
11 8
12 3
12 6
12 8
12 11
13 0
13 1
13 8
14 0
14 2
14 5
15 1
15 3
15 5
15 10
15 11
16 1
16 11
16 15
17 0
17 3
17 6
17 9
17 11
17 14
17 15
18 0
18 2
18 3
18 13
18 14
19 2
19 5
19 6
19 7
19 11
20 5
20 6
20 7
20 9
20 12
20 16
21 4
21 6
21 8
21 9
21 12
21 14
21 16
21 20
22 3
22 5
22 10
22 11
22 13
22 17
22 20
23 1
23 3
23 13
23 15
23 19
24 1
24 12
24 15
24 20
24 21
25 3
25 6
25 8
25 9
25 10
25 14
25 15
25 17
25 18
25 24
26 2
26 4
26 5
26 6
26 9
26 17
26 24
27 4
27 7
27 9
27 14
27 17
27 22
28 5
28 6
28 7
28 8
28 9
28 10
28 15
28 18
28 22
29 2
29 5
29 7
29 9
29 10
29 15
29 19
29 20
29 28
