50 150
3 0
3 1
5 2
7 2
9 6
9 8
11 2
13 3
13 12
14 3
14 13
15 10
17 2
17 5
17 14
18 4
19 2
20 9
21 2
21 10
21 20
22 13
23 6
24 1
25 1
25 2
25 4
25 14
25 15
25 24
27 6
27 12
27 15
27 20
28 7
28 13
28 17
28 26
29 28
30 0
30 9
30 29
31 1
31 8
31 13
31 14
31 19
31 25
32 4
32 16
32 23
33 2
33 12
33 17
33 18
33 21
33 24
34 1
34 8
34 12
34 14
34 15
34 19
34 25
35 1
35 10
36 5
36 10
36 27
37 8
37 10
37 14
37 29
38 2
38 9
38 17
38 18
38 20
38 22
38 26
38 29
38 33
38 37
39 0
39 10
39 14
39 22
39 38
40 5
40 7
40 11
40 16
40 29
40 34
40 38
41 2
41 16
41 28
42 2
42 7
42 19
42 23
42 30
42 35
42 38
42 40
43 10
43 11
43 13
43 27
43 28
43 32
43 40
44 8
44 21
44 23
44 26
44 27
44 28
44 29
45 4
45 6
45 19
45 25
45 39
46 5
46 20
46 25
46 26
46 32
47 3
47 9
47 19
47 28
47 37
47 39
48 8
48 28
48 31
48 32
48 35
48 39
48 41
48 45
48 46
49 9
49 22
49 37
49 40
49 48
