20 114
1 0
2 1
3 0
3 2
4 0
4 1
4 2
4 3
5 0
5 4
6 0
6 3
6 4
6 5
7 1
7 3
7 4
7 5
8 0
8 1
8 3
8 4
8 6
8 7
9 0
9 1
9 2
9 3
9 5
9 6
10 0
10 1
10 2
10 3
10 6
10 7
11 0
11 1
11 2
11 6
11 7
11 9
12 0
12 1
12 2
12 3
12 4
12 6
12 7
12 9
12 11
13 1
13 3
13 4
13 5
13 9
13 11
13 12
14 0
14 1
14 2
14 3
14 4
14 7
14 8
14 10
14 12
15 0
15 1
15 2
15 3
15 6
15 7
15 9
15 11
15 12
15 13
15 14
16 0
16 4
16 6
16 7
16 8
16 10
16 12
16 13
17 0
17 3
17 5
17 6
17 10
17 11
17 13
17 14
17 15
17 16
18 0
18 4
18 5
18 7
18 8
18 11
18 12
18 13
18 16
18 17
19 0
19 2
19 4
19 6
19 7
19 9
19 13
19 16
