40 234
5 1
5 3
6 1
6 3
7 3
8 0
8 4
8 7
9 0
9 2
9 7
10 3
10 6
10 9
11 2
11 3
11 4
11 5
11 8
11 9
11 10
12 0
12 2
12 3
13 0
14 0
14 7
14 11
15 3
15 7
15 10
16 0
16 1
16 2
16 6
16 8
16 9
16 11
16 13
17 0
17 3
17 4
17 10
17 11
17 13
17 16
18 1
18 3
18 14
18 17
19 0
19 3
19 4
19 5
19 6
19 7
19 8
19 11
19 13
19 15
20 2
20 4
20 7
20 10
20 12
21 1
21 2
21 4
21 7
21 10
21 14
22 5
22 9
22 10
22 13
22 14
22 15
22 19
23 13
23 14
23 18
23 22
24 5
24 12
24 14
24 18
25 3
25 4
25 5
25 8
25 10
25 13
25 15
25 18
25 23
26 5
26 8
26 12
26 13
26 18
26 19
26 22
26 24
27 0
27 1
27 2
27 4
27 8
27 9
27 12
27 19
28 1
28 12
28 13
28 16
28 18
28 19
28 20
28 23
28 25
28 27
29 1
29 2
29 6
29 7
29 12
29 17
29 23
30 1
30 4
30 7
30 9
30 12
30 16
30 17
30 21
30 22
30 28
30 29
31 2
31 5
31 8
31 10
31 11
31 12
31 13
31 17
31 21
31 22
31 23
31 30
32 2
32 3
32 6
32 8
32 14
32 15
32 25
32 28
32 29
33 0
33 2
33 4
33 6
33 15
33 16
33 17
33 18
33 19
33 20
33 25
33 26
33 31
34 4
34 7
34 9
34 15
34 20
34 25
34 30
34 31
35 7
35 8
35 9
35 14
35 15
35 21
35 23
35 25
35 28
35 29
35 31
35 32
36 0
36 8
36 15
36 16
36 18
36 26
36 27
36 28
36 29
36 34
37 0
37 7
37 12
37 16
37 22
37 28
37 30
38 2
38 4
38 8
38 11
38 13
38 16
38 20
38 21
38 24
38 28
38 29
38 30
38 33
39 0
39 1
39 2
39 9
39 14
39 15
39 17
39 21
39 22
39 28
39 36
