30 130
1 0
3 2
4 1
5 1
5 2
6 0
6 2
6 3
7 1
7 4
8 2
9 0
9 2
9 6
10 0
10 1
10 2
10 8
11 5
12 2
12 5
13 2
13 12
14 0
14 1
14 4
14 6
14 8
15 4
16 9
16 10
16 12
17 1
17 2
17 6
17 11
17 16
18 8
18 9
18 11
18 13
18 16
19 7
19 8
19 10
19 11
19 13
19 15
19 16
19 17
19 18
20 3
20 5
20 6
20 10
20 11
20 17
20 18
21 1
21 3
21 4
21 7
21 12
21 13
21 14
21 15
21 16
21 19
22 0
22 1
22 8
22 15
22 18
22 20
23 0
23 2
23 7
23 10
23 12
23 15
23 16
23 17
23 18
24 1
24 5
24 10
24 17
24 21
25 7
25 16
25 19
25 21
26 5
26 6
26 8
26 10
26 11
26 15
26 16
26 17
26 19
26 21
26 24
26 25
27 8
27 10
27 12
27 15
27 16
27 17
27 19
27 21
28 0
28 4
28 12
28 13
28 23
28 25
29 1
29 3
29 4
29 5
29 8
29 9
29 13
29 15
29 18
29 19
29 20
29 26
