30 261
1 0
2 0
3 0
4 0
4 1
5 0
5 3
6 0
6 3
6 4
7 1
7 5
8 3
8 4
8 5
8 6
8 7
9 1
9 3
9 5
9 6
10 0
10 1
10 2
10 4
10 5
10 7
11 0
11 2
11 3
11 4
11 8
11 9
12 2
12 3
12 4
12 6
12 7
12 10
12 11
13 0
13 2
13 4
13 7
13 8
13 10
13 11
13 12
14 0
14 1
14 2
14 3
14 6
14 8
14 10
14 11
14 12
15 0
15 1
15 3
15 5
15 7
15 8
15 9
15 10
15 12
15 13
15 14
16 0
16 1
16 2
16 3
16 5
16 6
16 7
16 8
16 9
16 11
16 12
16 14
16 15
17 2
17 4
17 5
17 8
17 12
17 14
18 0
18 2
18 3
18 4
18 5
18 6
18 7
18 10
18 11
18 12
18 14
18 15
18 16
18 17
19 2
19 3
19 5
19 6
19 8
19 12
19 15
19 16
19 18
20 0
20 1
20 3
20 4
20 5
20 6
20 8
20 9
20 14
20 15
20 16
20 17
20 18
21 2
21 3
21 4
21 5
21 6
21 7
21 8
21 9
21 10
21 11
21 15
21 18
22 0
22 1
22 7
22 8
22 9
22 10
22 11
22 12
22 14
22 15
22 16
22 19
22 20
23 0
23 1
23 2
23 3
23 5
23 6
23 7
23 9
23 10
23 11
23 12
23 13
23 15
23 17
23 18
23 19
23 20
24 3
24 5
24 6
24 9
24 10
24 12
24 14
24 16
24 18
24 19
24 21
24 23
25 0
25 1
25 2
25 7
25 8
25 9
25 10
25 11
25 12
25 13
25 14
25 16
25 17
25 19
25 21
25 24
26 0
26 1
26 3
26 4
26 6
26 7
26 11
26 14
26 15
26 19
26 20
26 24
27 0
27 1
27 4
27 5
27 6
27 7
27 9
27 10
27 17
27 18
27 19
27 21
27 22
27 23
27 24
27 25
27 26
28 1
28 2
28 3
28 4
28 5
28 6
28 7
28 8
28 9
28 10
28 12
28 13
28 16
28 17
28 18
28 19
28 20
28 21
28 23
28 26
28 27
29 0
29 1
29 3
29 5
29 6
29 8
29 9
29 12
29 13
29 15
29 17
29 18
29 20
29 21
29 22
29 23
29 24
29 25
