50 735
1 0
2 0
3 0
4 0
5 2
5 3
5 4
6 0
6 1
6 5
7 0
7 2
7 3
7 4
7 6
8 1
8 2
8 3
8 4
8 5
8 7
9 2
9 3
9 4
9 6
9 8
10 0
10 2
10 3
10 4
10 5
10 8
10 9
11 0
11 2
11 5
11 7
11 8
12 1
12 3
12 4
12 6
12 8
12 9
12 11
13 0
13 1
13 3
13 4
13 5
13 6
13 7
13 8
13 10
13 11
13 12
14 0
14 2
14 3
14 4
14 5
14 10
14 12
14 13
15 0
15 1
15 2
15 4
15 8
15 10
15 13
16 0
16 1
16 4
16 7
16 8
16 11
16 14
16 15
17 0
17 2
17 3
17 8
17 10
17 13
17 15
17 16
18 0
18 2
18 5
18 6
18 7
18 8
18 9
18 10
18 11
18 12
18 13
18 14
18 15
18 16
18 17
19 0
19 2
19 3
19 6
19 10
19 11
19 12
19 15
20 1
20 2
20 5
20 6
20 7
20 8
20 11
20 13
20 14
20 15
21 6
21 7
21 9
21 10
21 13
21 15
21 17
21 19
22 0
22 1
22 2
22 3
22 4
22 5
22 8
22 9
22 11
22 12
22 13
22 14
22 16
22 18
22 19
22 20
23 0
23 1
23 2
23 3
23 4
23 5
23 9
23 10
23 13
23 14
23 15
23 18
23 20
23 21
24 0
24 1
24 2
24 4
24 5
24 6
24 7
24 8
24 10
24 13
24 19
24 20
24 21
24 23
25 0
25 2
25 3
25 4
25 6
25 7
25 10
25 11
25 12
25 16
25 18
25 19
25 20
25 22
25 24
26 0
26 2
26 3
26 4
26 7
26 9
26 10
26 11
26 13
26 15
26 17
26 21
26 22
26 23
26 24
26 25
27 0
27 1
27 9
27 12
27 13
27 17
27 18
27 19
27 20
27 21
27 23
27 25
27 26
28 0
28 1
28 2
28 3
28 4
28 5
28 6
28 7
28 9
28 10
28 11
28 12
28 13
28 14
28 15
28 16
28 18
28 19
28 22
28 23
28 25
28 26
28 27
29 1
29 3
29 5
29 6
29 9
29 10
29 13
29 14
29 15
29 17
29 18
29 19
29 20
29 21
29 24
29 25
29 26
29 27
30 0
30 2
30 3
30 5
30 7
30 8
30 9
30 10
30 11
30 12
30 13
30 14
30 15
30 17
30 18
30 21
30 27
30 29
31 0
31 3
31 4
31 8
31 10
31 13
31 14
31 15
31 16
31 20
31 24
31 29
32 2
32 3
32 6
32 7
32 8
32 9
32 10
32 11
32 15
32 16
32 17
32 19
32 21
32 24
32 25
32 27
32 30
32 31
33 4
33 5
33 6
33 9
33 10
33 11
33 12
33 13
33 14
33 15
33 16
33 18
33 19
33 22
33 23
33 24
33 25
33 28
33 29
33 30
34 1
34 2
34 3
34 4
34 6
34 7
34 8
34 10
34 11
34 12
34 13
34 14
34 18
34 19
34 20
34 21
34 22
34 24
34 27
34 30
34 31
34 32
34 33
35 3
35 7
35 8
35 9
35 10
35 12
35 16
35 18
35 19
35 21
35 22
35 23
35 25
35 33
35 34
36 1
36 3
36 4
36 5
36 6
36 8
36 9
36 10
36 11
36 13
36 14
36 17
36 19
36 22
36 26
36 27
36 28
36 29
36 31
36 32
36 33
36 34
37 3
37 4
37 5
37 6
37 8
37 9
37 10
37 11
37 12
37 13
37 15
37 16
37 18
37 19
37 22
37 24
37 26
37 27
37 28
37 29
37 30
37 31
37 33
37 34
37 35
38 2
38 3
38 4
38 5
38 6
38 8
38 11
38 12
38 13
38 14
38 16
38 18
38 20
38 21
38 22
38 24
38 25
38 26
38 27
38 29
38 31
38 32
38 34
38 35
38 36
39 2
39 3
39 4
39 5
39 6
39 7
39 10
39 11
39 12
39 14
39 15
39 16
39 17
39 18
39 19
39 20
39 24
39 25
39 27
39 28
39 30
39 31
39 32
39 33
39 35
39 36
40 0
40 2
40 3
40 4
40 7
40 9
40 11
40 15
40 16
40 17
40 18
40 20
40 23
40 24
40 26
40 29
40 32
40 33
40 34
40 35
40 36
40 37
40 39
41 0
41 2
41 3
41 8
41 9
41 11
41 12
41 13
41 15
41 19
41 20
41 25
41 29
41 31
41 32
41 34
41 35
41 36
41 39
42 0
42 1
42 2
42 4
42 9
42 10
42 11
42 12
42 13
42 14
42 16
42 18
42 21
42 23
42 26
42 29
42 30
42 31
42 33
42 35
42 36
42 38
42 39
42 40
42 41
43 0
43 1
43 3
43 5
43 6
43 7
43 8
43 9
43 12
43 14
43 16
43 19
43 20
43 22
43 23
43 24
43 26
43 27
43 29
43 30
43 31
43 32
43 33
43 34
43 36
43 39
43 40
43 41
44 0
44 1
44 2
44 5
44 6
44 7
44 8
44 10
44 11
44 12
44 13
44 16
44 18
44 20
44 22
44 23
44 24
44 26
44 27
44 28
44 29
44 31
44 33
44 34
44 35
44 36
44 37
44 38
44 39
44 42
44 43
45 1
45 2
45 3
45 9
45 10
45 11
45 15
45 16
45 17
45 20
45 21
45 23
45 25
45 30
45 31
45 32
45 33
45 34
45 35
45 36
45 37
45 38
45 39
45 40
45 41
45 42
45 44
46 0
46 2
46 4
46 6
46 8
46 9
46 10
46 11
46 12
46 14
46 16
46 17
46 18
46 19
46 20
46 23
46 24
46 25
46 27
46 28
46 29
46 30
46 31
46 33
46 34
46 35
46 36
46 37
46 38
46 39
46 41
46 42
46 45
47 0
47 1
47 2
47 3
47 4
47 5
47 7
47 10
47 11
47 17
47 18
47 19
47 20
47 22
47 24
47 26
47 29
47 32
47 33
47 34
47 35
47 36
47 38
47 39
47 40
47 42
47 44
47 45
47 46
48 0
48 2
48 4
48 7
48 8
48 10
48 11
48 12
48 20
48 21
48 22
48 23
48 24
48 25
48 26
48 27
48 28
48 29
48 31
48 33
48 35
48 39
48 41
48 44
48 45
49 1
49 2
49 3
49 4
49 5
49 6
49 7
49 8
49 9
49 13
49 14
49 15
49 17
49 19
49 20
49 21
49 22
49 24
49 26
49 27
49 28
49 30
49 31
49 33
49 35
49 37
49 39
49 40
49 41
49 43
49 44
49 45
49 46
49 47
