20 114
3 0
3 1
3 2
4 2
5 0
5 1
6 1
6 2
6 5
7 2
7 3
7 5
8 1
8 2
8 3
8 4
8 5
8 6
9 0
9 1
9 2
9 3
9 5
9 6
9 8
10 0
10 1
10 2
10 4
10 5
10 8
11 0
11 4
11 5
11 6
11 7
11 8
11 9
11 10
12 0
12 1
12 2
12 3
12 6
12 7
12 9
12 10
12 11
13 0
13 2
13 3
13 8
13 9
13 10
13 12
14 0
14 1
14 3
14 5
14 6
14 8
14 10
14 11
15 0
15 1
15 2
15 4
15 5
15 7
15 8
15 10
15 11
15 12
15 13
15 14
16 0
16 1
16 3
16 6
16 7
16 9
16 12
16 13
17 0
17 2
17 3
17 5
17 7
17 9
17 10
17 11
17 12
17 13
17 16
18 2
18 3
18 4
18 5
18 8
18 9
18 13
18 14
18 16
18 17
19 1
19 5
19 10
19 12
19 13
19 14
19 15
19 16
19 17
19 18
