40 234
1 0
2 1
4 0
4 1
4 3
5 0
5 1
7 6
8 3
9 8
10 1
10 5
10 8
11 0
11 6
11 8
11 9
13 3
13 5
13 6
13 8
13 10
13 11
14 1
14 3
14 5
14 9
14 11
15 1
15 2
15 4
15 6
15 10
15 12
16 0
16 4
16 7
16 10
16 12
16 14
17 4
17 7
17 10
17 11
18 0
18 3
18 5
18 8
18 9
18 11
18 14
18 15
18 16
19 0
19 6
19 15
19 18
20 3
20 4
20 7
20 17
20 18
20 19
21 4
21 7
21 8
21 10
21 11
22 1
22 6
22 7
22 9
22 11
22 12
22 13
22 17
23 2
23 3
23 5
23 12
23 21
23 22
24 4
24 8
24 11
24 14
25 1
25 4
25 8
25 13
25 15
25 18
25 23
26 1
26 6
26 12
26 13
26 17
26 19
26 20
26 24
27 0
27 1
27 6
27 12
27 13
27 14
27 18
27 21
27 24
28 1
28 2
28 4
28 10
28 13
28 17
28 23
28 24
28 25
29 0
29 3
29 6
29 9
29 10
29 13
29 14
29 28
30 2
30 4
30 11
30 12
30 14
30 15
30 18
30 19
30 25
30 26
31 3
31 10
31 12
31 13
31 16
31 17
31 19
31 21
31 25
31 27
31 29
31 30
32 5
32 15
32 19
32 20
32 21
32 25
33 0
33 2
33 3
33 12
33 23
33 29
33 32
34 0
34 2
34 12
34 17
34 19
34 22
34 23
34 27
35 0
35 1
35 2
35 9
35 10
35 29
36 3
36 5
36 7
36 17
36 22
36 23
36 25
36 27
36 28
36 33
36 34
37 1
37 4
37 8
37 10
37 14
37 17
37 18
37 21
37 25
37 28
37 29
37 30
37 35
37 36
38 1
38 2
38 6
38 7
38 9
38 11
38 15
38 19
38 30
38 35
38 36
38 37
39 1
39 2
39 3
39 5
39 7
39 8
39 10
39 11
39 12
39 13
39 14
39 20
39 23
39 24
39 25
39 26
39 28
39 29
39 33
39 36
39 38
