40 120
1 0
4 0
4 1
5 3
5 4
6 0
6 3
7 5
8 1
8 6
9 0
11 3
11 4
13 0
13 2
13 5
13 6
13 10
14 2
14 4
14 5
14 6
14 12
15 3
16 7
16 14
16 15
17 15
18 0
18 6
19 3
19 11
20 9
20 18
21 9
21 16
22 0
22 4
22 17
22 20
23 1
23 20
24 4
24 6
24 9
24 11
25 0
25 5
25 11
25 15
25 20
26 1
27 0
27 1
27 3
27 15
27 21
27 25
28 19
29 4
29 9
29 11
29 12
29 17
29 27
30 1
30 7
30 9
30 10
30 16
30 22
31 0
31 2
31 4
31 5
31 14
31 17
31 18
31 19
31 28
32 4
32 7
32 14
32 18
32 21
32 29
33 0
33 6
33 7
33 14
33 15
33 17
33 27
33 31
34 16
34 28
34 30
35 12
35 22
36 5
36 7
36 11
36 15
36 17
36 23
36 30
37 4
37 7
37 13
37 18
37 27
37 33
38 6
38 8
38 9
38 29
38 33
39 18
39 35
39 36
