50 367
2 0
4 0
4 1
5 0
5 1
5 3
6 2
7 5
8 2
8 5
9 2
9 8
10 2
10 3
10 5
10 9
11 1
11 3
11 6
12 0
12 2
12 11
13 0
13 1
13 2
13 4
13 8
13 9
14 2
14 5
14 9
14 13
15 0
15 10
16 9
16 11
16 14
16 15
17 0
17 7
17 9
17 14
18 0
18 3
18 5
18 11
19 0
19 1
19 8
19 9
19 13
19 18
20 0
20 1
20 7
20 8
20 11
20 14
20 17
20 19
21 4
21 8
21 17
21 19
22 0
22 1
22 4
22 7
22 8
22 11
22 12
22 15
22 20
22 21
23 0
23 2
23 5
23 8
23 10
23 12
24 2
24 4
24 8
24 10
24 11
24 13
24 15
24 17
24 18
24 20
24 22
25 2
25 12
25 19
26 5
26 13
26 18
26 20
26 21
26 22
26 25
27 1
27 6
27 7
27 12
27 14
27 15
27 17
27 18
27 24
27 25
28 2
28 4
28 10
28 15
28 20
28 22
28 25
28 26
29 0
29 4
29 18
29 19
29 20
29 22
29 24
30 3
30 14
30 15
30 16
30 21
30 22
30 23
30 24
30 28
31 1
31 2
31 3
31 4
31 10
31 11
31 12
31 14
31 16
31 19
31 20
31 21
31 22
31 27
31 28
31 29
32 1
32 3
32 5
32 9
32 10
32 12
32 13
32 21
32 24
32 28
32 30
32 31
33 14
33 15
33 18
33 23
33 31
33 32
34 2
34 4
34 10
34 14
34 21
34 25
34 26
34 27
34 29
34 33
35 9
35 12
35 15
35 21
35 27
35 30
35 31
35 33
36 1
36 2
36 4
36 5
36 9
36 12
36 19
36 24
36 34
37 0
37 1
37 4
37 6
37 8
37 9
37 10
37 11
37 15
37 17
37 18
37 21
37 22
37 23
37 32
37 33
38 12
38 17
38 18
38 26
39 0
39 1
39 3
39 7
39 9
39 10
39 12
39 15
39 16
39 18
39 21
39 28
39 30
39 31
39 32
39 33
39 36
40 0
40 1
40 12
40 20
40 22
40 24
40 28
40 30
40 32
40 33
40 38
40 39
41 4
41 5
41 9
41 16
41 17
41 19
41 22
41 23
41 27
42 5
42 9
42 11
42 12
42 16
42 21
42 28
42 33
42 34
42 36
42 38
43 2
43 3
43 8
43 11
43 16
43 18
43 19
43 22
43 23
43 27
43 29
43 31
43 37
43 38
43 40
43 41
44 1
44 2
44 3
44 11
44 13
44 18
44 19
44 21
44 23
44 34
44 39
44 40
44 42
45 2
45 4
45 6
45 11
45 12
45 14
45 17
45 18
45 20
45 21
45 27
45 28
45 32
45 34
45 36
45 38
45 40
45 41
45 42
45 44
46 1
46 2
46 14
46 17
46 20
46 32
46 42
46 43
46 44
46 45
47 1
47 2
47 5
47 7
47 8
47 10
47 11
47 14
47 16
47 17
47 21
47 24
47 25
47 27
47 29
47 31
47 34
47 35
47 36
47 37
47 38
48 4
48 10
48 13
48 15
48 24
48 26
48 28
48 38
48 41
49 0
49 5
49 10
49 12
49 16
49 27
49 29
49 30
49 34
49 37
49 38
49 42
49 47
