30 130
3 1
4 3
5 3
5 4
7 5
8 0
8 2
8 6
9 0
9 4
9 5
9 6
9 8
10 3
10 7
10 8
10 9
11 3
11 7
11 9
11 10
12 3
12 11
13 4
13 5
13 7
13 9
14 0
14 4
14 6
14 9
14 13
15 0
15 4
15 7
15 9
15 12
15 13
16 6
16 8
16 9
17 1
17 3
17 4
17 6
17 13
17 15
18 2
18 3
18 14
19 1
19 2
19 4
19 6
19 7
19 13
19 16
20 3
20 4
20 8
20 10
21 5
21 7
21 8
21 9
21 11
21 13
21 16
21 18
21 20
22 0
22 6
22 7
22 8
22 9
22 14
22 17
23 6
23 7
23 13
23 15
23 16
23 17
23 19
23 20
23 22
24 1
24 3
24 7
24 13
24 14
24 15
24 17
24 22
24 23
25 1
25 3
25 4
25 12
25 22
26 8
26 20
27 0
27 1
27 2
27 3
27 4
27 5
27 11
27 15
27 16
27 20
27 21
28 4
28 7
28 8
28 11
28 16
28 17
28 20
28 22
28 23
28 24
28 25
29 3
29 4
29 7
29 20
29 21
29 28
