20 114
2 0
2 1
3 1
4 0
4 3
5 0
5 2
5 3
6 0
6 1
6 5
7 6
8 0
8 1
8 2
8 3
8 6
8 7
9 0
9 1
9 4
9 5
10 0
10 1
10 2
10 3
10 8
11 0
11 1
11 2
11 4
11 7
11 9
11 10
12 2
12 3
12 6
12 7
12 8
12 9
12 11
13 1
13 2
13 3
13 4
13 6
13 7
13 8
13 9
13 11
14 1
14 2
14 4
14 5
14 6
14 8
14 9
14 12
14 13
15 1
15 2
15 4
15 5
15 6
15 7
15 8
15 11
15 12
15 13
15 14
16 1
16 2
16 3
16 4
16 6
16 7
16 9
16 10
16 11
16 12
16 13
16 14
17 0
17 1
17 2
17 3
17 7
17 8
17 10
17 11
17 12
17 14
17 15
18 0
18 2
18 3
18 5
18 6
18 7
18 9
18 10
18 11
18 13
18 16
19 3
19 4
19 6
19 9
19 10
19 12
19 13
19 16
19 17
19 18
