40 234
3 1
3 2
4 0
4 3
5 1
6 5
7 0
7 4
9 4
9 6
9 8
10 8
11 1
11 6
12 0
12 4
12 6
12 8
12 9
12 11
13 1
13 5
13 7
13 12
14 1
14 4
14 8
14 10
14 11
14 12
14 13
15 1
15 4
15 7
15 8
15 11
15 12
15 14
16 0
16 7
16 14
16 15
17 1
17 2
17 15
18 8
18 9
18 11
18 15
19 1
19 8
19 11
19 12
20 2
20 8
20 11
20 15
20 16
21 3
21 4
21 13
21 15
21 17
22 0
22 2
22 6
22 7
22 9
22 10
22 12
22 16
22 17
22 19
22 20
22 21
23 8
23 9
23 10
23 11
23 17
23 18
24 5
24 10
24 19
25 1
25 3
25 7
25 10
25 17
26 0
26 1
26 3
26 4
26 5
26 7
26 16
26 21
26 22
26 23
27 0
27 5
27 9
27 12
27 16
27 19
27 23
28 1
28 5
28 10
28 11
28 16
28 17
28 19
28 20
28 23
29 1
29 5
29 7
29 9
29 10
29 14
29 21
29 23
29 24
30 5
30 8
30 12
30 15
30 20
30 27
30 29
31 6
31 8
31 10
31 17
31 18
31 22
31 29
32 3
32 4
32 5
32 6
32 7
32 8
32 10
32 12
32 14
32 15
32 16
32 19
32 23
32 25
32 27
32 28
32 30
33 0
33 1
33 4
33 6
33 8
33 10
33 19
33 25
33 27
33 29
33 32
34 2
34 5
34 6
34 10
34 12
34 15
34 16
34 21
34 22
34 23
34 33
35 5
35 6
35 10
35 11
35 12
35 13
35 14
35 15
35 18
35 22
35 25
35 27
36 1
36 3
36 4
36 8
36 10
36 13
36 15
36 19
36 24
36 32
36 34
36 35
37 1
37 9
37 12
37 14
37 21
37 23
37 33
37 34
37 36
38 0
38 5
38 8
38 10
38 13
38 17
38 19
38 20
38 23
38 25
38 26
38 28
38 34
39 5
39 6
39 7
39 12
39 21
39 27
39 29
39 30
39 31
39 32
39 38
