30 261
1 0
2 0
3 0
3 1
3 2
4 1
4 3
5 0
5 2
6 0
6 2
6 4
7 1
7 2
7 4
8 1
8 3
8 4
8 6
8 7
9 1
9 3
9 4
9 5
9 8
10 0
10 2
10 3
10 4
10 6
10 7
10 8
11 1
11 2
11 3
11 4
11 6
11 9
12 0
12 2
12 3
12 6
12 7
12 10
13 0
13 3
13 4
13 7
13 10
13 11
13 12
14 0
14 1
14 3
14 5
14 6
14 9
14 10
14 11
14 12
15 2
15 3
15 4
15 5
15 10
15 11
15 13
16 0
16 1
16 3
16 5
16 6
16 7
16 8
16 9
16 11
16 12
16 13
16 14
17 3
17 4
17 5
17 6
17 7
17 8
17 9
17 10
17 11
17 14
17 15
17 16
18 0
18 1
18 2
18 3
18 4
18 7
18 8
18 10
18 11
18 14
18 16
19 1
19 3
19 4
19 5
19 7
19 8
19 9
19 11
19 12
19 16
19 18
20 1
20 2
20 4
20 6
20 8
20 9
20 10
20 12
20 15
20 17
20 19
21 0
21 1
21 2
21 3
21 4
21 5
21 6
21 7
21 8
21 9
21 11
21 12
21 13
21 14
21 15
21 16
21 17
21 18
21 19
21 20
22 0
22 1
22 2
22 5
22 6
22 8
22 10
22 11
22 12
22 13
22 14
22 16
22 17
22 19
23 3
23 4
23 6
23 7
23 9
23 10
23 11
23 12
23 14
23 15
23 16
23 19
23 20
23 22
24 1
24 2
24 3
24 4
24 5
24 7
24 10
24 13
24 15
24 16
24 17
24 20
24 22
25 0
25 2
25 3
25 4
25 6
25 7
25 10
25 11
25 14
25 15
25 18
25 19
25 21
25 22
25 24
26 1
26 2
26 3
26 5
26 7
26 8
26 12
26 16
26 19
26 22
27 0
27 2
27 5
27 6
27 7
27 10
27 11
27 12
27 15
27 16
27 17
27 18
27 23
27 25
27 26
28 1
28 3
28 4
28 5
28 6
28 7
28 9
28 11
28 12
28 13
28 14
28 16
28 18
28 20
28 21
28 22
28 23
28 24
29 0
29 1
29 2
29 3
29 4
29 5
29 6
29 11
29 13
29 15
29 16
29 17
29 21
29 24
29 25
29 26
29 27
29 28
