30 130
2 0
3 2
4 1
4 3
5 2
5 4
6 0
6 4
6 5
8 1
8 5
8 7
9 0
9 3
10 3
10 4
10 5
10 6
11 0
11 2
11 4
11 5
11 10
12 3
12 5
12 6
12 7
13 1
13 2
13 8
14 4
14 11
14 12
15 1
15 4
15 5
15 12
16 6
16 11
16 14
17 8
17 11
18 0
18 3
18 5
18 9
18 11
18 15
18 17
19 4
19 7
19 9
19 14
19 15
20 0
20 5
20 7
20 8
20 10
20 13
20 16
20 19
21 0
21 2
21 6
21 7
21 12
21 15
22 3
22 8
22 15
22 16
22 17
23 5
23 10
23 11
23 20
23 21
23 22
24 0
24 1
24 4
24 6
24 9
24 10
24 11
24 12
24 21
25 2
25 4
25 5
25 8
25 10
25 14
25 17
25 21
25 23
26 0
26 1
26 8
26 13
26 15
26 19
26 20
26 24
26 25
27 0
27 5
27 9
27 12
27 14
27 24
27 26
28 6
28 7
28 8
28 18
28 23
28 24
28 25
28 26
29 0
29 3
29 4
29 5
29 13
29 16
29 18
29 21
29 26
