50 150
4 0
4 1
7 1
8 0
8 4
9 0
9 7
10 3
11 8
12 3
12 11
13 8
14 4
14 8
14 11
14 12
17 1
17 6
17 14
18 4
18 7
19 2
20 18
22 10
22 15
22 20
23 7
23 14
23 18
24 12
24 15
25 11
25 19
25 23
26 7
26 13
26 14
26 16
26 18
27 8
27 9
27 10
27 11
27 14
27 19
27 26
28 0
28 3
29 9
29 11
29 17
30 1
30 13
31 1
31 26
31 27
32 6
32 26
32 27
33 1
33 11
34 2
34 4
34 7
34 11
34 20
34 26
34 28
34 31
35 3
35 26
35 27
35 33
36 10
36 13
36 20
36 21
36 26
37 1
37 18
37 20
37 21
37 29
37 34
38 1
38 11
38 14
38 18
38 19
38 25
39 2
39 5
39 11
39 38
40 13
40 16
40 28
41 3
41 6
41 8
41 16
41 33
42 0
42 5
42 11
42 18
42 30
43 3
43 6
43 8
43 9
43 25
43 28
44 13
44 15
44 19
44 26
44 34
45 4
45 7
45 13
45 23
45 25
45 29
45 33
45 34
45 38
45 41
46 14
46 16
46 28
46 35
46 36
46 37
46 39
46 42
47 0
47 19
47 20
47 40
48 19
48 20
48 26
48 30
48 36
48 42
49 16
49 17
49 24
49 28
