50 150
3 1
6 2
7 0
8 3
8 5
9 0
9 5
11 1
11 2
11 6
11 9
12 2
12 4
13 0
15 0
15 13
16 9
16 10
16 12
16 14
17 12
18 5
18 6
18 13
19 0
19 4
19 8
19 12
20 8
20 10
20 19
21 4
21 19
22 5
22 13
22 20
23 0
23 5
23 7
24 23
25 11
25 17
25 21
26 4
27 11
27 14
27 24
28 0
28 13
28 18
28 20
29 10
29 11
29 18
30 26
30 28
30 29
31 3
31 6
31 7
31 14
32 1
32 3
32 7
32 8
32 10
32 19
32 22
33 20
33 31
34 1
34 3
34 8
34 16
34 26
34 31
34 33
35 1
35 7
35 30
35 31
35 33
36 5
36 18
36 27
36 31
36 33
37 15
37 21
37 27
38 11
38 15
38 18
38 28
38 35
39 6
39 14
39 15
39 29
40 8
40 17
40 22
40 34
40 39
41 3
41 8
41 11
41 16
41 26
41 33
41 36
41 38
42 0
42 3
42 4
42 14
42 19
42 28
42 30
42 31
42 32
43 10
43 29
43 41
44 16
44 41
45 7
45 40
46 5
46 16
46 24
46 39
47 3
47 35
47 39
47 40
47 46
48 7
48 15
48 20
48 31
48 37
48 40
49 11
49 13
49 17
49 21
49 28
49 36
49 38
