30 130
2 1
3 1
4 0
4 1
5 3
7 4
8 6
8 7
9 0
9 1
9 3
9 6
9 7
9 8
10 1
10 4
10 5
11 4
11 5
11 7
11 9
12 2
12 8
13 6
13 7
14 1
14 2
14 6
14 11
15 2
15 8
15 9
15 12
16 2
16 6
16 7
16 11
17 1
17 10
17 11
17 15
17 16
18 2
18 7
18 13
18 14
19 1
19 4
19 8
19 9
19 10
19 13
19 14
19 16
19 18
20 1
20 4
20 5
20 7
20 9
20 15
20 19
21 1
21 5
21 7
21 9
21 15
21 18
22 4
22 5
22 8
22 10
22 16
22 18
23 3
23 4
23 5
23 12
23 13
23 15
23 16
23 19
23 20
24 2
24 8
24 10
24 13
24 16
24 17
24 21
24 22
25 4
25 6
25 8
25 11
25 13
25 17
25 18
25 19
25 24
26 7
26 19
26 21
26 24
26 25
27 2
27 4
27 12
27 21
28 0
28 1
28 2
28 5
28 9
28 10
28 11
28 18
28 22
28 24
28 25
29 11
29 12
29 13
29 14
29 15
29 18
29 20
29 22
29 24
29 27
