50 150
2 1
4 3
6 0
7 0
8 0
10 0
10 5
11 8
12 9
13 7
13 10
15 2
15 6
15 9
15 14
16 0
16 12
16 13
17 3
17 4
18 8
18 13
19 9
20 0
20 14
20 15
20 16
21 2
21 8
21 11
21 19
22 10
22 12
22 15
22 17
22 18
23 9
23 14
23 17
24 13
24 17
24 22
25 8
25 14
26 5
26 10
26 17
26 20
26 23
26 25
27 1
27 9
27 12
27 13
27 19
27 26
28 13
28 27
29 6
29 8
29 9
29 10
29 14
29 16
29 17
29 25
29 26
30 2
30 4
30 13
30 23
31 26
31 29
32 21
33 23
34 3
34 6
34 7
34 11
34 20
34 33
35 17
35 19
35 30
35 33
36 20
37 14
37 26
37 35
38 0
38 7
38 13
39 9
39 19
39 21
39 22
39 28
40 12
40 26
40 28
40 30
40 31
41 11
41 14
41 30
41 35
42 1
42 25
42 28
42 35
42 38
43 9
43 16
43 17
43 18
43 19
44 14
44 32
45 8
45 13
45 20
45 35
45 36
46 9
46 18
46 24
47 3
47 6
47 20
47 28
47 29
48 1
48 2
48 3
48 6
48 13
48 22
48 28
48 36
48 37
48 41
48 43
49 6
49 10
49 16
49 19
49 25
49 36
49 43
49 46
