50 367
3 0
3 2
4 1
5 1
5 4
6 0
6 2
6 3
6 5
7 0
8 1
8 3
8 4
8 5
8 6
9 2
9 5
10 4
11 5
11 7
12 4
13 0
13 2
13 7
13 8
13 9
13 10
14 4
14 5
14 6
14 8
14 12
15 0
15 11
16 0
16 3
16 8
16 10
16 11
16 15
17 0
17 1
17 2
17 3
17 4
17 5
17 6
18 0
18 2
18 8
18 11
18 13
18 17
19 0
19 7
19 12
20 3
20 4
20 6
20 9
20 10
20 11
20 14
20 16
21 0
21 5
21 6
21 8
21 9
21 11
21 12
21 15
21 18
21 20
22 1
22 4
22 7
22 8
22 10
22 14
22 15
22 16
22 19
23 9
23 15
23 16
23 17
23 18
23 21
24 6
24 9
24 10
24 14
24 16
24 19
25 0
25 1
25 7
25 9
25 10
25 14
25 16
25 19
25 21
26 0
26 1
26 3
26 5
26 13
26 14
26 18
26 19
26 20
27 0
27 1
27 6
27 9
27 11
27 14
27 16
27 20
27 26
28 1
28 5
28 10
28 13
28 15
28 25
29 0
29 1
29 3
29 5
29 7
29 9
29 13
29 16
29 17
29 26
30 5
30 7
30 15
30 21
30 24
30 25
31 1
31 2
31 5
31 13
31 17
31 22
31 29
31 30
32 2
32 8
32 10
32 16
32 17
32 21
32 23
32 26
32 27
32 28
32 31
33 1
33 5
33 11
33 15
33 16
33 17
33 22
33 23
33 24
33 25
33 32
34 3
34 11
34 14
34 16
34 17
34 20
34 23
34 27
35 1
35 7
35 10
35 11
35 13
35 14
35 15
35 16
35 19
35 20
35 21
35 30
35 31
35 33
36 1
36 2
36 3
36 5
36 12
36 14
36 16
36 31
36 34
37 2
37 8
37 10
37 12
37 19
37 22
37 23
37 24
37 27
37 30
37 31
37 36
38 2
38 3
38 11
38 12
38 16
38 20
38 22
38 24
38 25
38 27
38 29
38 30
38 34
38 35
39 0
39 3
39 6
39 9
39 11
39 13
39 14
39 16
39 25
39 28
39 31
39 34
39 35
39 38
40 4
40 7
40 15
40 18
40 20
40 21
40 25
40 31
40 32
40 34
40 35
40 38
41 1
41 8
41 13
41 14
41 18
41 19
41 21
41 22
41 23
41 26
41 29
41 32
41 34
41 35
42 10
42 17
42 18
42 22
42 30
42 33
42 34
42 38
42 39
42 41
43 0
43 4
43 5
43 9
43 15
43 17
43 23
43 27
43 29
43 31
43 32
43 33
43 35
43 36
43 39
43 40
44 0
44 4
44 6
44 10
44 13
44 14
44 21
44 29
44 40
45 1
45 16
45 17
45 23
45 27
45 42
45 44
46 2
46 5
46 10
46 12
46 14
46 16
46 21
46 27
46 28
46 29
46 30
46 35
46 36
46 38
46 40
46 43
46 44
46 45
47 0
47 11
47 12
47 15
47 19
47 21
47 28
47 31
47 32
47 34
47 35
47 36
47 46
48 1
48 3
48 5
48 6
48 19
48 22
48 30
48 31
48 35
48 39
48 42
48 43
49 0
49 4
49 17
49 18
49 19
49 26
49 30
49 38
49 44
49 47
49 48
