30 261
1 0
2 1
3 0
3 1
4 0
4 1
4 2
4 3
5 0
5 1
5 4
6 1
6 2
6 3
6 4
7 2
7 3
7 6
8 1
8 2
8 3
8 4
8 5
8 6
8 7
9 2
9 4
9 6
9 7
9 8
10 0
10 1
10 2
10 3
10 4
10 5
10 7
10 8
11 1
11 3
11 7
12 0
12 2
12 4
12 9
13 0
13 1
13 2
13 3
13 7
13 8
13 9
14 0
14 1
14 2
14 3
14 4
14 6
14 8
14 10
14 12
14 13
15 2
15 3
15 6
15 7
15 8
15 9
15 12
15 13
15 14
16 2
16 4
16 5
16 7
16 8
16 9
16 10
16 11
16 12
16 15
17 0
17 2
17 3
17 4
17 5
17 8
17 9
17 13
17 14
17 16
18 3
18 4
18 5
18 6
18 7
18 10
18 11
18 12
18 14
18 16
19 0
19 2
19 4
19 8
19 9
19 10
19 11
19 13
19 15
19 16
19 17
19 18
20 2
20 3
20 4
20 6
20 7
20 10
20 11
20 12
20 13
20 16
20 19
21 0
21 1
21 3
21 4
21 5
21 8
21 9
21 10
21 12
21 15
21 16
21 20
22 1
22 3
22 4
22 6
22 7
22 9
22 11
22 13
22 14
22 15
22 19
22 20
22 21
23 3
23 4
23 5
23 6
23 7
23 8
23 10
23 11
23 12
23 13
23 14
23 15
23 16
23 17
23 19
23 20
23 21
23 22
24 1
24 3
24 4
24 5
24 6
24 7
24 10
24 11
24 12
24 13
24 14
24 16
24 18
24 19
24 20
24 22
24 23
25 0
25 2
25 3
25 4
25 5
25 6
25 7
25 8
25 9
25 12
25 14
25 15
25 18
25 19
25 20
25 21
25 22
25 24
26 1
26 2
26 3
26 6
26 8
26 9
26 10
26 15
26 17
26 20
26 22
26 23
26 25
27 0
27 2
27 4
27 7
27 10
27 11
27 13
27 14
27 17
27 22
27 23
27 25
28 2
28 3
28 4
28 6
28 7
28 8
28 9
28 10
28 11
28 12
28 14
28 15
28 16
28 17
28 21
28 24
28 25
28 26
29 0
29 2
29 3
29 6
29 9
29 10
29 11
29 13
29 15
29 19
29 20
29 21
29 22
29 24
29 25
29 28
