30 261
1 0
2 1
3 0
3 1
3 2
4 0
4 1
4 2
4 3
5 0
5 3
5 4
6 1
6 3
7 0
7 2
7 3
7 4
7 6
8 0
8 1
8 3
8 5
8 6
9 3
9 4
9 5
9 6
9 7
10 0
10 2
10 3
10 4
10 6
10 8
10 9
11 1
11 2
11 3
11 4
11 5
11 7
11 8
11 9
11 10
12 1
12 3
12 4
12 5
12 7
12 9
12 10
12 11
13 1
13 3
13 4
13 5
13 7
13 9
14 0
14 2
14 4
14 5
14 8
14 11
14 12
14 13
15 0
15 2
15 3
15 5
15 9
15 10
15 12
15 13
15 14
16 0
16 2
16 5
16 6
16 8
16 9
16 10
17 0
17 2
17 5
17 6
17 7
17 8
17 9
17 10
17 11
17 13
17 15
17 16
18 0
18 3
18 4
18 5
18 6
18 7
18 8
18 11
18 14
18 16
18 17
19 1
19 5
19 6
19 10
19 11
19 12
19 14
19 15
19 16
20 0
20 6
20 7
20 9
20 11
20 12
20 13
20 19
21 0
21 2
21 5
21 10
21 11
21 13
21 14
21 16
21 17
21 18
21 19
22 1
22 2
22 3
22 5
22 6
22 9
22 10
22 11
22 12
22 13
22 17
22 18
22 21
23 0
23 1
23 2
23 5
23 6
23 7
23 8
23 9
23 12
23 13
23 16
23 17
23 18
23 19
23 21
23 22
24 2
24 3
24 7
24 10
24 11
24 14
24 16
24 17
24 18
24 21
25 3
25 4
25 5
25 7
25 8
25 11
25 12
25 13
25 14
25 17
25 21
25 22
25 23
26 3
26 4
26 6
26 7
26 10
26 11
26 12
26 14
26 15
26 16
26 20
26 21
26 22
26 25
27 1
27 2
27 4
27 5
27 6
27 7
27 8
27 9
27 10
27 11
27 12
27 13
27 17
27 18
27 19
27 20
27 21
27 23
27 24
27 25
27 26
28 1
28 2
28 3
28 4
28 7
28 8
28 9
28 11
28 12
28 13
28 14
28 16
28 17
28 18
28 20
28 21
28 22
28 23
28 26
28 27
29 0
29 1
29 3
29 4
29 5
29 7
29 8
29 9
29 10
29 11
29 12
29 14
29 16
29 17
29 19
29 20
29 22
29 23
29 26
29 27
