40 468
1 0
2 0
2 1
3 1
4 0
4 1
4 2
4 3
5 0
5 1
5 3
6 0
6 2
6 3
6 4
6 5
7 0
7 1
7 2
7 3
7 4
7 5
7 6
8 2
8 3
8 4
8 5
8 6
9 0
9 1
9 3
9 4
9 5
9 6
9 8
10 1
10 2
10 3
10 4
10 5
10 6
10 7
10 8
11 2
11 4
11 5
11 7
11 8
11 9
12 2
12 3
12 5
12 7
12 10
13 0
13 1
13 5
13 6
13 8
13 9
13 11
14 0
14 1
14 2
14 3
14 5
14 6
14 7
14 11
14 12
15 1
15 2
15 3
15 4
15 5
15 9
15 10
15 12
15 13
15 14
16 0
16 1
16 3
16 6
16 7
16 8
16 11
16 12
16 13
17 0
17 4
17 6
17 7
17 9
17 10
17 12
17 13
17 15
17 16
18 0
18 1
18 4
18 5
18 6
18 7
18 8
18 9
18 12
18 13
18 16
18 17
19 0
19 2
19 5
19 6
19 8
19 9
19 12
19 13
19 14
20 0
20 2
20 7
20 8
20 10
20 11
20 12
20 14
20 15
20 16
20 17
20 19
21 0
21 1
21 3
21 5
21 6
21 7
21 12
21 13
21 15
21 16
21 18
21 20
22 0
22 2
22 4
22 6
22 7
22 11
22 12
22 13
22 15
22 17
22 20
22 21
23 0
23 1
23 4
23 5
23 7
23 8
23 9
23 10
23 11
23 12
23 14
23 18
23 19
23 20
23 21
23 22
24 2
24 6
24 8
24 10
24 11
24 12
24 15
24 16
24 18
24 19
24 20
24 22
24 23
25 6
25 8
25 11
25 13
25 14
25 17
25 18
25 19
25 21
25 22
26 1
26 2
26 3
26 8
26 13
26 14
26 16
26 19
26 21
26 22
26 23
26 24
27 0
27 1
27 2
27 3
27 4
27 5
27 7
27 9
27 11
27 13
27 14
27 15
27 16
27 19
27 22
27 23
27 24
27 25
27 26
28 0
28 3
28 5
28 6
28 7
28 8
28 11
28 12
28 13
28 14
28 16
28 17
28 18
28 19
28 21
28 23
28 24
28 25
28 26
28 27
29 1
29 6
29 8
29 9
29 10
29 11
29 13
29 14
29 15
29 16
29 17
29 18
29 19
29 20
29 21
29 22
29 23
29 26
29 27
29 28
30 2
30 3
30 5
30 6
30 8
30 9
30 10
30 11
30 12
30 14
30 15
30 16
30 17
30 18
30 19
30 24
30 25
31 0
31 1
31 3
31 5
31 6
31 7
31 8
31 9
31 10
31 13
31 14
31 15
31 17
31 18
31 19
31 20
31 25
31 26
31 29
32 0
32 3
32 5
32 8
32 10
32 13
32 15
32 17
32 19
32 20
32 21
32 22
32 23
32 24
32 27
32 28
32 29
32 31
33 0
33 1
33 3
33 8
33 9
33 11
33 12
33 16
33 17
33 18
33 19
33 22
33 23
33 25
33 27
33 28
33 29
33 30
33 31
33 32
34 0
34 1
34 3
34 4
34 5
34 7
34 9
34 10
34 13
34 15
34 17
34 19
34 20
34 21
34 23
34 24
34 26
34 27
34 29
34 30
34 31
34 32
35 1
35 2
35 4
35 5
35 8
35 9
35 11
35 12
35 14
35 15
35 17
35 18
35 19
35 21
35 22
35 23
35 24
35 28
35 32
35 33
36 3
36 4
36 6
36 7
36 8
36 9
36 10
36 11
36 13
36 14
36 15
36 18
36 21
36 23
36 25
36 26
36 30
36 32
37 0
37 3
37 4
37 6
37 7
37 8
37 11
37 12
37 13
37 14
37 15
37 16
37 17
37 22
37 23
37 25
37 29
37 30
37 31
37 32
37 33
37 35
37 36
38 1
38 3
38 4
38 5
38 6
38 8
38 9
38 10
38 11
38 14
38 16
38 18
38 20
38 21
38 23
38 27
38 28
38 30
38 32
38 36
38 37
39 0
39 1
39 2
39 3
39 4
39 5
39 7
39 8
39 9
39 10
39 13
39 14
39 15
39 19
39 20
39 22
39 23
39 24
39 27
39 28
39 30
39 31
39 33
39 35
