50 150
6 0
7 4
7 6
9 4
12 8
14 1
14 5
14 10
15 2
16 1
16 7
16 8
16 12
16 13
17 8
18 5
18 6
18 8
18 13
18 14
18 17
19 0
19 3
19 11
19 15
20 8
20 12
21 18
22 6
22 7
22 14
22 18
23 11
23 21
24 4
24 20
24 21
25 1
25 5
25 9
25 18
25 19
26 8
26 15
26 21
27 10
27 20
27 21
28 2
28 7
28 8
28 19
28 23
29 4
29 7
29 9
29 15
30 5
30 6
30 7
30 14
30 20
30 23
31 14
31 26
32 3
32 5
32 6
32 23
33 4
34 2
34 7
34 10
34 13
34 15
34 26
34 32
35 6
35 7
35 13
35 30
36 33
37 0
37 2
37 6
37 12
37 13
37 16
38 2
38 3
38 15
39 8
39 28
39 32
40 3
40 4
40 6
40 31
41 8
41 11
41 14
41 35
42 1
42 3
42 5
42 9
42 23
42 29
42 33
42 39
43 0
43 12
43 36
44 5
44 17
44 21
44 30
44 32
44 43
45 7
45 9
45 16
45 25
45 33
45 35
45 44
46 5
46 8
46 13
46 21
46 27
46 31
47 9
47 13
47 18
47 31
48 11
48 12
48 14
48 17
48 18
48 21
48 23
48 28
48 32
48 43
49 21
49 35
49 46
49 47
