50 367
4 0
4 1
6 2
6 4
6 5
7 5
9 5
10 3
10 6
10 7
10 8
11 6
11 8
11 10
12 3
12 5
12 6
13 0
13 1
13 8
13 9
13 10
13 12
14 6
15 1
15 2
15 3
15 6
15 7
15 8
15 10
16 0
16 2
16 5
16 6
16 10
16 11
16 13
17 4
17 7
17 10
17 11
17 15
18 6
18 7
18 12
18 13
19 0
19 11
19 12
19 13
19 14
20 3
20 5
20 10
20 11
20 17
20 19
21 0
21 3
21 6
21 10
21 13
21 18
22 5
22 11
22 15
23 0
23 1
23 2
23 8
23 12
23 14
23 16
23 17
23 18
23 19
24 0
24 2
24 5
24 9
24 11
24 13
24 15
24 16
24 20
24 22
24 23
25 5
25 7
25 8
25 11
25 14
25 16
25 22
25 23
26 3
26 4
26 8
26 10
26 11
26 14
26 17
27 6
27 9
27 11
27 13
27 16
27 20
27 26
28 3
28 7
28 9
28 10
28 12
28 15
28 18
29 0
29 2
29 5
29 8
29 10
29 14
29 18
29 24
29 28
30 10
30 19
30 20
30 25
30 28
30 29
31 1
31 7
31 8
31 9
31 12
31 13
31 15
31 17
31 20
31 27
31 29
32 0
32 2
32 7
32 9
32 11
32 13
32 14
32 15
32 18
32 22
32 29
32 30
33 5
33 7
33 10
33 16
33 17
33 18
33 20
33 21
33 23
33 24
33 25
33 26
33 29
34 0
34 1
34 2
34 3
34 15
34 16
34 22
34 24
34 30
34 31
34 33
35 0
35 1
35 4
35 12
35 16
35 17
35 19
35 20
35 21
35 22
35 34
36 8
36 9
36 10
36 16
36 23
36 26
36 28
37 1
37 5
37 7
37 13
37 14
37 15
37 20
37 27
37 29
37 30
37 34
37 35
38 1
38 3
38 4
38 5
38 14
38 18
38 19
38 20
38 23
38 24
38 28
38 30
38 33
39 2
39 13
39 18
39 20
39 23
39 25
39 28
39 29
39 34
39 36
39 37
39 38
40 2
40 6
40 11
40 14
40 15
40 17
40 22
40 23
40 24
40 25
40 28
40 30
40 36
41 2
41 9
41 12
41 15
41 16
41 18
41 21
41 24
41 25
41 27
41 35
41 39
41 40
42 5
42 6
42 12
42 20
42 21
42 25
42 26
42 32
42 37
42 39
43 0
43 2
43 6
43 11
43 14
43 15
43 17
43 18
43 20
43 23
43 25
43 29
43 32
43 33
43 35
43 37
44 2
44 19
44 30
44 31
44 35
44 39
45 4
45 5
45 8
45 9
45 11
45 15
45 16
45 27
45 28
45 30
45 32
45 34
45 35
45 37
46 0
46 1
46 4
46 5
46 6
46 8
46 15
46 16
46 18
46 25
46 26
46 27
46 31
46 34
46 39
46 43
47 0
47 2
47 3
47 4
47 7
47 8
47 13
47 16
47 17
47 19
47 24
47 25
47 26
47 27
47 33
47 34
47 37
48 2
48 7
48 9
48 12
48 17
48 18
48 19
48 22
48 25
48 28
48 29
48 32
48 38
48 39
48 43
49 3
49 5
49 7
49 9
49 11
49 14
49 15
49 18
49 28
49 31
49 34
49 37
49 41
