50 367
3 0
4 0
4 2
4 3
5 2
6 5
7 1
7 6
8 0
8 3
8 4
9 0
9 2
9 7
9 8
10 3
10 4
10 9
11 3
11 10
12 0
12 5
12 7
12 8
12 10
13 5
13 8
13 12
14 2
14 3
14 6
14 10
14 12
14 13
15 2
15 3
15 9
15 11
15 12
15 13
16 4
16 5
16 6
16 7
16 8
17 0
17 1
17 2
17 3
17 8
17 9
17 12
17 13
17 14
17 15
17 16
18 4
18 9
18 13
18 15
18 16
18 17
19 0
19 3
19 5
19 8
19 13
19 15
19 16
20 3
20 4
20 13
20 18
20 19
21 7
21 8
21 12
21 16
21 17
22 1
22 5
22 7
22 14
23 6
23 8
23 10
23 12
23 15
23 16
23 17
23 19
24 0
24 1
24 5
24 6
24 13
24 15
24 16
24 17
24 19
24 22
25 0
25 1
25 3
25 5
25 10
25 11
25 14
25 20
25 21
25 22
25 23
26 3
26 12
26 16
26 17
26 18
26 19
26 20
26 24
27 3
27 5
27 13
27 14
27 17
27 20
27 21
28 1
28 3
28 4
28 6
28 8
28 9
28 10
28 11
28 16
28 20
28 21
28 26
28 27
29 3
29 4
29 8
29 9
29 12
29 15
29 18
29 19
29 23
29 24
29 25
30 0
30 5
30 6
30 7
30 9
30 16
30 17
30 21
30 22
30 28
30 29
31 5
31 7
31 8
31 12
31 18
31 29
32 1
32 5
32 6
32 11
32 12
32 17
32 18
32 20
32 23
32 26
32 28
33 5
33 9
33 11
33 13
33 14
33 21
33 23
33 24
33 27
33 29
34 1
34 2
34 4
34 5
34 11
34 12
34 15
34 17
34 18
34 19
34 24
34 29
35 2
35 9
35 10
35 12
35 15
35 16
35 21
35 23
35 25
36 3
36 8
36 9
36 11
36 14
36 18
36 24
36 25
36 29
37 0
37 2
37 13
37 16
37 22
37 25
37 27
37 34
38 1
38 4
38 12
38 13
38 16
38 18
38 22
38 32
39 3
39 4
39 8
39 11
39 15
39 16
39 21
39 22
39 27
39 31
39 33
39 34
39 38
40 0
40 4
40 8
40 9
40 11
40 13
40 16
40 24
40 25
40 29
40 39
41 1
41 6
41 7
41 13
41 15
41 16
41 18
41 19
41 23
41 24
41 25
41 31
41 32
41 33
41 40
42 7
42 8
42 10
42 13
42 14
42 20
42 22
42 23
42 24
42 25
42 29
42 30
42 34
43 2
43 6
43 18
43 21
43 27
43 30
44 4
44 5
44 8
44 11
44 14
44 15
44 22
44 25
44 27
44 30
44 32
44 35
44 43
45 4
45 5
45 6
45 11
45 18
45 24
45 30
45 32
45 33
45 40
45 42
45 43
45 44
46 1
46 2
46 6
46 15
46 20
46 25
46 27
46 29
46 30
46 37
46 39
46 40
46 44
46 45
47 0
47 1
47 5
47 7
47 10
47 14
47 17
47 20
47 25
47 27
47 40
47 41
47 44
47 46
48 10
48 24
48 25
48 27
48 28
48 30
48 33
48 47
49 7
49 11
49 22
49 26
49 27
49 29
49 33
49 34
49 39
49 41
49 43
49 46
