20 114
2 0
3 0
3 2
4 1
4 2
4 3
5 0
5 1
5 2
6 0
6 2
6 3
6 4
6 5
7 4
7 5
7 6
8 1
8 2
8 4
9 0
9 1
9 4
9 8
10 4
10 5
10 6
10 9
11 0
11 1
11 2
11 4
11 5
11 9
11 10
12 1
12 2
12 3
12 4
12 7
12 8
12 9
12 10
12 11
13 4
13 5
13 6
13 7
13 8
13 11
13 12
14 1
14 3
14 5
14 6
14 7
14 8
14 9
14 10
14 12
14 13
15 3
15 4
15 5
15 7
15 8
15 9
15 10
15 11
15 12
15 13
15 14
16 0
16 1
16 2
16 3
16 4
16 5
16 7
16 8
16 10
16 12
16 13
16 14
16 15
17 0
17 3
17 5
17 6
17 7
17 8
17 10
17 15
18 0
18 1
18 3
18 4
18 9
18 10
18 12
18 15
18 17
19 0
19 1
19 2
19 4
19 5
19 8
19 9
19 11
19 12
19 14
19 15
19 18
