40 120
5 0
6 1
6 2
6 4
7 5
8 5
8 6
9 1
9 4
9 7
11 0
11 7
11 9
12 6
12 7
13 2
13 11
14 5
15 0
15 5
15 10
16 1
16 2
16 10
16 12
17 3
17 8
17 11
17 12
18 4
18 7
19 7
19 11
19 12
20 4
20 8
21 0
21 1
21 9
21 12
21 16
21 17
21 18
21 19
22 12
22 19
22 20
23 7
23 8
23 10
24 1
24 6
24 12
24 14
24 15
24 22
25 5
25 11
25 16
26 5
26 21
27 3
27 9
27 19
28 3
28 9
28 19
28 26
29 13
29 25
29 27
29 28
30 1
30 3
30 6
30 12
30 22
30 24
31 2
31 8
31 14
31 15
31 20
32 0
32 5
32 21
32 22
32 25
33 17
33 26
33 29
34 12
34 13
34 17
34 32
34 33
35 15
35 22
35 30
35 33
36 4
36 19
36 23
36 33
37 13
37 14
37 18
37 19
37 21
37 36
38 2
38 13
38 14
38 16
38 30
39 1
39 19
39 21
39 26
39 37
