50 367
4 3
5 0
6 0
6 1
6 2
7 2
8 2
8 5
9 0
9 4
9 8
10 1
10 5
10 6
11 0
11 1
11 3
11 5
11 6
12 2
12 3
12 5
13 7
13 8
14 0
15 0
15 5
15 13
15 14
16 0
16 4
16 8
16 10
16 11
16 12
17 0
17 4
17 5
17 6
17 9
17 10
17 12
17 14
18 2
18 9
18 11
18 12
18 14
18 15
18 16
18 17
19 2
19 3
19 5
19 8
19 12
19 13
19 17
20 4
20 8
20 11
20 13
20 15
20 18
21 1
21 4
21 5
21 20
22 1
22 2
22 7
22 8
22 12
22 13
22 16
22 17
22 18
22 19
23 5
23 14
23 16
23 17
23 19
24 1
24 6
24 8
24 10
24 14
24 19
24 20
25 3
25 11
25 13
25 15
25 21
25 23
26 0
26 1
26 5
26 9
26 16
26 17
26 18
26 22
27 0
27 12
27 17
27 20
27 23
27 24
28 1
28 4
28 6
28 7
28 8
28 9
28 10
28 12
28 13
28 16
28 19
28 21
28 22
28 24
28 26
29 6
29 9
29 16
29 20
29 23
29 24
29 25
29 26
30 1
30 4
30 6
30 12
30 17
30 20
30 21
30 22
30 27
30 28
31 8
31 9
31 10
31 13
31 14
31 22
31 23
31 27
32 9
32 11
32 13
32 18
32 19
32 20
32 23
33 1
33 2
33 5
33 6
33 14
33 15
33 16
33 20
33 25
33 26
33 27
34 3
34 4
34 7
34 8
34 9
34 19
34 25
34 26
34 27
34 30
34 33
35 0
35 1
35 2
35 3
35 8
35 13
35 17
35 22
35 24
35 26
35 28
35 29
35 31
35 34
36 1
36 3
36 10
36 11
36 12
36 13
36 14
36 15
36 21
36 22
36 26
36 31
37 1
37 2
37 4
37 6
37 9
37 11
37 13
37 15
37 20
37 29
38 1
38 4
38 5
38 13
38 23
38 24
38 25
38 26
38 33
38 35
38 36
38 37
39 0
39 6
39 12
39 13
39 20
39 23
39 26
39 30
39 31
39 36
40 0
40 7
40 11
40 12
40 14
40 15
40 28
40 30
40 31
40 33
40 39
41 0
41 1
41 2
41 4
41 6
41 15
41 17
41 27
41 29
41 31
41 36
41 39
41 40
42 0
42 3
42 6
42 7
42 13
42 14
42 16
42 22
42 28
42 32
42 34
43 4
43 6
43 7
43 10
43 11
43 14
43 22
43 26
43 29
43 31
43 32
43 35
43 39
44 0
44 2
44 5
44 6
44 14
44 15
44 17
44 19
44 24
44 35
44 38
44 39
44 43
45 3
45 6
45 7
45 10
45 13
45 20
45 28
45 33
45 38
45 40
45 42
46 0
46 5
46 11
46 13
46 20
46 21
46 22
46 24
46 33
46 38
46 39
46 40
47 0
47 1
47 2
47 3
47 6
47 7
47 11
47 18
47 22
47 23
47 25
47 30
47 32
47 36
47 38
47 41
47 46
48 0
48 1
48 4
48 10
48 11
48 12
48 17
48 18
48 20
48 28
48 29
48 31
48 32
48 35
48 36
48 39
48 40
49 21
49 23
49 26
49 28
49 34
49 37
49 39
49 41
49 42
49 46
49 48
