50 367
3 1
4 3
5 0
5 3
6 2
6 4
7 0
7 3
7 5
8 0
8 4
8 6
8 7
9 1
9 2
9 6
9 7
10 3
10 4
10 5
10 9
11 5
11 10
12 2
12 3
12 7
12 11
13 0
13 6
13 7
13 12
14 5
14 6
14 9
15 0
15 2
15 3
15 11
15 12
16 6
16 8
16 9
16 12
17 2
17 6
17 9
17 11
17 14
18 0
18 8
18 12
18 15
19 2
19 5
19 6
19 8
19 9
19 10
19 11
20 4
20 7
20 8
20 12
20 13
20 17
20 19
21 2
21 7
21 12
21 14
21 19
22 2
22 6
22 8
22 17
22 18
22 19
22 20
22 21
23 1
23 3
23 5
23 6
23 15
23 16
23 19
23 22
24 3
24 7
24 9
24 12
24 15
24 21
25 0
25 1
25 2
25 4
25 7
25 8
25 10
25 11
25 15
25 16
25 18
26 0
26 6
26 9
26 13
26 15
26 17
26 20
26 23
27 3
27 9
27 13
27 16
27 17
27 20
27 21
28 2
28 5
28 6
28 8
28 11
28 19
28 22
28 25
28 26
28 27
29 4
29 5
29 7
29 10
29 11
29 12
29 15
29 17
29 20
29 22
29 26
29 27
30 0
30 2
30 9
30 12
30 19
30 24
30 25
30 28
31 2
31 3
31 12
31 14
31 19
31 23
32 4
32 13
32 16
32 29
33 0
33 2
33 5
33 9
33 10
33 11
33 15
33 20
33 21
33 27
33 31
34 1
34 9
34 11
34 14
34 18
34 19
34 21
34 22
34 23
34 27
34 29
34 31
35 6
35 10
35 11
35 12
35 14
35 16
35 17
35 18
35 27
35 31
36 1
36 2
36 6
36 7
36 19
36 20
36 21
36 24
36 25
36 26
36 29
36 30
36 31
37 3
37 8
37 13
37 15
37 17
37 34
37 36
38 1
38 2
38 6
38 7
38 13
38 16
38 17
38 19
38 21
38 23
38 34
39 1
39 7
39 9
39 13
39 14
39 16
39 17
39 18
39 22
39 23
39 26
39 27
39 29
39 32
39 33
39 35
40 2
40 3
40 6
40 13
40 14
40 16
40 20
40 22
40 28
40 29
40 33
40 35
40 36
40 38
41 8
41 20
41 25
41 34
41 38
42 2
42 10
42 11
42 12
42 14
42 20
42 24
42 25
42 26
42 37
42 38
43 0
43 1
43 5
43 13
43 16
43 19
43 22
43 23
43 26
43 33
43 35
43 37
43 38
43 41
44 0
44 5
44 9
44 15
44 20
44 27
44 35
44 36
44 38
44 40
45 2
45 3
45 5
45 13
45 18
45 20
45 22
45 26
45 27
45 30
45 32
45 37
45 40
45 41
46 0
46 2
46 7
46 9
46 10
46 16
46 17
46 18
46 21
46 23
46 24
46 27
46 29
46 35
46 37
46 44
47 0
47 1
47 3
47 5
47 6
47 9
47 15
47 17
47 20
47 22
47 23
47 24
47 26
47 29
47 32
47 38
47 39
47 40
47 42
47 46
48 1
48 2
48 4
48 7
48 10
48 11
48 12
48 17
48 21
48 23
48 25
48 35
48 39
48 47
49 2
49 12
49 16
49 25
49 28
49 29
49 31
49 35
49 40
49 47
