50 367
2 0
2 1
3 0
4 0
4 1
5 2
6 0
7 1
8 1
8 2
8 7
9 0
9 3
10 0
10 1
11 3
11 5
11 7
11 8
12 0
12 4
12 5
12 9
12 11
13 1
13 2
13 3
13 5
13 8
13 10
13 12
14 0
14 6
14 7
14 10
14 11
15 9
15 14
16 0
16 1
16 2
16 5
16 8
16 11
17 1
17 6
17 9
17 10
17 12
17 13
18 0
18 1
18 6
18 8
18 12
19 0
19 3
19 5
19 8
19 11
19 12
19 17
20 3
20 4
20 15
20 16
20 18
20 19
21 0
21 8
21 10
21 11
21 13
21 17
21 20
22 5
22 8
22 10
22 14
22 15
22 17
22 19
23 0
23 2
23 9
23 11
23 15
23 17
23 18
23 21
24 0
24 5
24 7
24 11
24 13
24 16
24 19
25 6
25 7
25 10
25 12
25 20
25 24
26 5
26 7
26 8
26 11
26 13
26 14
26 23
26 24
27 2
27 14
27 17
27 19
27 21
27 22
27 23
28 2
28 4
28 7
28 11
28 13
28 14
28 21
29 4
29 5
29 10
29 11
29 12
29 14
29 19
29 23
29 25
29 26
30 3
30 7
30 13
30 16
30 17
30 21
30 23
31 0
31 5
31 7
31 8
31 9
31 11
31 12
31 20
31 25
31 27
32 3
32 4
32 6
32 8
32 11
32 21
32 23
32 28
32 29
33 1
33 5
33 8
33 13
33 17
33 19
33 22
33 31
34 1
34 9
34 10
34 18
34 19
34 23
34 24
34 25
35 1
35 3
35 6
35 7
35 11
35 13
35 20
35 27
35 29
35 31
36 2
36 3
36 5
36 7
36 10
36 11
36 12
36 13
36 17
36 30
37 0
37 7
37 9
37 13
37 18
37 21
37 26
37 32
37 33
38 1
38 2
38 9
38 17
38 20
38 21
38 22
38 25
38 27
38 35
38 36
38 37
39 0
39 1
39 3
39 6
39 8
39 10
39 11
39 14
39 18
39 23
39 24
39 26
39 27
39 28
39 30
39 33
39 38
40 0
40 7
40 12
40 13
40 18
40 24
40 29
40 30
40 32
40 34
41 1
41 4
41 6
41 7
41 18
41 21
41 31
41 37
41 38
42 2
42 10
42 12
42 13
42 14
42 16
42 22
42 26
42 28
42 31
42 34
42 41
43 1
43 2
43 5
43 11
43 19
43 35
43 42
44 4
44 9
44 14
44 20
44 24
44 26
44 27
44 30
44 32
44 35
44 36
44 40
44 43
45 2
45 3
45 5
45 7
45 9
45 10
45 13
45 15
45 16
45 21
45 24
45 26
45 29
45 33
45 36
45 37
45 38
45 39
45 44
46 0
46 2
46 5
46 7
46 13
46 17
46 18
46 20
46 21
46 24
46 26
46 29
46 32
46 35
46 38
46 42
47 0
47 1
47 2
47 5
47 6
47 8
47 11
47 13
47 28
47 30
47 34
47 37
47 39
47 40
47 42
47 43
47 45
47 46
48 4
48 5
48 9
48 10
48 15
48 20
48 22
48 24
48 27
48 30
48 33
48 43
48 45
49 1
49 2
49 9
49 12
49 15
49 18
49 20
49 24
49 26
49 31
49 38
49 39
49 41
49 42
49 47
