30 130
3 1
5 0
5 1
5 2
5 3
6 1
6 4
6 5
7 2
7 6
8 0
8 6
9 0
9 7
10 4
10 5
10 7
10 8
11 3
11 5
12 8
12 10
13 0
13 9
14 4
14 9
14 10
15 2
15 6
15 13
16 0
16 1
16 5
16 7
16 8
16 12
16 14
16 15
17 0
17 2
17 4
17 5
17 13
18 0
18 3
18 4
18 6
18 10
18 11
18 12
18 14
19 0
19 2
19 10
19 15
19 17
20 1
20 2
20 5
20 15
21 1
21 5
21 8
21 9
21 13
21 17
22 4
22 5
22 9
22 13
22 17
22 18
22 20
22 21
23 0
23 2
23 6
23 7
23 8
23 9
23 11
23 15
23 16
23 22
24 2
24 11
24 12
25 2
25 6
25 14
25 23
26 0
26 2
26 4
26 7
26 11
26 19
26 24
27 0
27 2
27 8
27 10
27 11
27 14
27 15
27 18
27 19
27 21
27 24
28 3
28 6
28 7
28 8
28 11
28 13
28 14
28 15
28 23
28 25
28 27
29 4
29 7
29 11
29 13
29 14
29 16
29 18
29 23
29 26
29 28
