40 468
1 0
2 0
2 1
3 0
3 2
4 0
4 1
4 3
5 0
5 1
5 2
5 3
6 0
6 4
6 5
7 0
7 1
7 2
8 0
8 1
8 5
8 6
8 7
9 0
9 1
9 3
9 4
9 5
9 6
9 7
10 0
10 1
10 4
10 5
10 6
10 7
10 9
11 0
11 1
11 2
11 3
11 4
11 5
11 6
11 7
11 8
11 10
12 2
12 4
12 5
12 6
12 7
12 8
12 11
13 3
13 5
13 6
13 8
13 9
13 10
13 12
14 0
14 3
14 4
14 6
14 8
14 9
14 11
15 0
15 2
15 3
15 5
15 6
15 7
15 8
15 9
15 10
15 12
15 13
15 14
16 0
16 1
16 2
16 3
16 4
16 5
16 7
16 9
16 10
16 11
16 12
16 13
17 0
17 1
17 3
17 6
17 11
17 12
17 13
17 14
18 0
18 1
18 2
18 5
18 6
18 7
18 8
18 9
18 10
18 11
18 12
18 13
18 14
18 15
18 17
19 0
19 2
19 3
19 4
19 5
19 8
19 9
19 12
19 15
19 16
19 17
20 1
20 4
20 5
20 6
20 7
20 8
20 12
20 14
20 15
20 16
20 17
20 18
20 19
21 1
21 2
21 3
21 7
21 8
21 9
21 10
21 11
21 15
21 16
21 19
22 1
22 2
22 4
22 6
22 7
22 9
22 10
22 13
22 14
22 16
22 19
23 2
23 3
23 4
23 6
23 7
23 8
23 10
23 15
23 18
23 21
24 0
24 1
24 3
24 4
24 8
24 9
24 10
24 13
24 14
24 15
24 18
24 20
24 21
24 22
25 0
25 1
25 2
25 4
25 5
25 6
25 7
25 13
25 14
25 15
25 16
25 19
25 20
25 22
25 23
26 0
26 3
26 6
26 7
26 9
26 11
26 13
26 14
26 15
26 16
26 19
26 20
26 22
26 24
26 25
27 0
27 2
27 3
27 4
27 5
27 7
27 8
27 9
27 10
27 11
27 12
27 13
27 14
27 15
27 16
27 17
27 19
27 21
27 22
27 23
27 24
27 26
28 2
28 3
28 5
28 6
28 8
28 9
28 10
28 13
28 14
28 16
28 18
28 20
28 24
28 26
29 0
29 2
29 3
29 4
29 5
29 6
29 8
29 9
29 10
29 11
29 12
29 13
29 15
29 18
29 19
29 20
29 23
29 24
29 25
29 27
29 28
30 0
30 2
30 4
30 5
30 7
30 8
30 9
30 10
30 13
30 14
30 15
30 17
30 20
30 22
30 25
30 26
30 27
30 28
30 29
31 2
31 6
31 7
31 11
31 12
31 15
31 16
31 17
31 18
31 19
31 20
31 22
31 23
31 25
31 28
31 29
31 30
32 2
32 3
32 4
32 5
32 6
32 8
32 9
32 11
32 12
32 13
32 14
32 15
32 21
32 22
32 24
32 25
32 26
32 30
32 31
33 0
33 1
33 2
33 4
33 5
33 8
33 9
33 10
33 11
33 12
33 14
33 16
33 18
33 19
33 20
33 22
33 24
33 26
33 29
33 30
34 3
34 4
34 10
34 11
34 13
34 14
34 15
34 19
34 22
34 23
34 26
34 27
34 30
34 31
34 33
35 1
35 2
35 3
35 4
35 6
35 9
35 10
35 12
35 14
35 15
35 16
35 17
35 19
35 21
35 22
35 24
35 25
35 27
35 28
35 30
35 32
35 33
35 34
36 0
36 1
36 2
36 3
36 4
36 6
36 8
36 9
36 10
36 12
36 14
36 16
36 17
36 18
36 20
36 21
36 23
36 24
36 25
36 26
36 28
36 30
36 31
36 32
37 0
37 1
37 3
37 6
37 10
37 12
37 16
37 18
37 19
37 21
37 22
37 25
37 26
37 27
37 28
37 30
37 31
37 33
37 34
37 35
37 36
38 2
38 4
38 5
38 6
38 7
38 9
38 10
38 11
38 12
38 15
38 17
38 18
38 19
38 23
38 24
38 27
38 28
38 31
38 33
38 35
39 0
39 1
39 2
39 6
39 7
39 10
39 12
39 13
39 20
39 22
39 24
39 26
39 30
39 31
39 33
39 34
39 36
39 38
